 atom ion ishell  a       b     c       d     e
    1  1  1     13.6   22.8  -12.0    1.9  -22.6                        
    2  2  1     54.4   14.4   -5.6    1.9  -13.3                        
    6  6  1    490.0   12.2   -3.9    1.9  -10.3                        
    7  7  1    667.0   12.3   -4.0    1.9  -10.3                        
    8  8  1    871.0   12.3   -4.0    1.9  -10.3                        
   10 10  1   1362.0   12.5   -4.1    1.9  -10.4                        
   11 11  1   1649.0   12.5   -4.1    1.9  -10.4                        
   12 12  1   1963.0   12.6   -4.2    1.9  -10.4                        
   13 13  1   2304.0   12.6   -4.2    1.9  -10.4                        
   14 14  1   2673.0   12.7   -4.3    1.9  -10.4                        
   16 16  1   3493.0   12.8   -4.3    1.9  -10.5                        
   18 18  1   4426.0   12.8   -4.4    1.9  -10.5                        
   20 20  1   5470.0   12.9   -4.4    1.9  -10.5                        
   26 26  1   9278.0   13.0   -4.5    1.9  -10.6                        
   28 28  1  10790.0   13.0   -4.5    1.9  -10.6                        
    2  1  1     24.6   17.8  -11.0    7.0  -23.2                        
    6  5  1    392.0   20.4   -6.1    4.5  -18.0                        
    7  6  1    552.0   20.8   -6.3    4.4  -18.2                        
    8  7  1    739.0   21.2   -6.5    4.3  -18.4                        
   10  9  1   1196.0   21.9   -6.8    4.2  -18.7                        
   11 10  1   1465.0   22.2   -7.0    4.2  -18.8                        
   12 11  1   1762.0   22.4   -7.1    4.1  -18.9                        
   13 12  1   2086.0   22.7   -7.2    4.1  -19.0                        
   14 13  1   2438.0   22.9   -7.3    4.0  -19.1                        
   16 15  1   3224.0   23.3   -7.6    4.0  -19.3                        
   18 17  1   4121.0   23.7   -7.8    3.9  -19.5                        
   20 19  1   5129.0   24.0   -7.9    3.9  -19.6                        
   26 25  1   8828.0   24.8   -8.4    3.8  -20.0                        
   28 27  1  10299.0   23.27  -8.97   3.92 -19.55                        
    6  4  1     64.5    8.2   -2.7    1.4   -6.6                        
    6  4  2    343.0   20.0   -5.6    4.1  -18.0                        
    7  5  1     97.9   10.5   -3.3    1.4   -7.7                        
    7  5  2    493.0   20.5   -5.8    4.1  -18.0                        
    8  6  1    138.0   10.9   -3.19    1.4   -9.21                        
    8  6  2    670.0   20.8   -6.0    4.1  -18.0                        
   10  8  1    239.0   10.1   -3.1    1.4   -7.1                        
   10  8  2   1107.0   21.5   -6.4    4.1  -18.0                        
   11  9  1    300.0   10.0   -3.0    1.4   -6.9                        
   11  9  2   1366.0   21.7   -6.5    4.1  -18.0                        
   12 10  1    367.0   10.0   -3.0    1.4   -6.8                        
   12 10  2   1653.0   22.0   -6.7    4.1  -18.0                        
   13 11  1    442.0    9.9   -3.0    1.4   -6.7                        
   13 11  2   1967.0   22.2   -6.8    4.1  -18.0                        
   14 12  1    523.0    9.8   -2.9    1.4   -6.6                        
   14 12  2   2309.0   22.4   -6.9    4.1  -18.0                        
   16 14  1    707.0    9.7   -2.8    1.4   -6.4                        
   16 14  2   3075.0   22.8   -7.1    4.1  -18.0                        
   18 16  1    918.0    9.6   -2.8    1.4   -6.2                        
   18 16  2   3951.0   23.1   -7.3    4.1  -18.0                        
   20 18  1   1157.0    9.5   -2.7    1.4   -6.1                        
   20 18  2   4939.0   23.4   -7.4    4.1  -18.0                        
   26 24  1   2045.0    9.3   -2.6    1.4   -5.8                        
   26 24  2   8580.0   24.1   -7.9    4.1  -18.0                        
   28 26  1   2401.2    7.82  -2.13   1.48  -4.77                        
   28 26  2  10150.0   23.37  -9.12   4.02 -19.82                        
    6  3  1     47.9   23.2   -7.4    2.5  -19.4                        
    6  3  2    325.0   20.0   -5.6    4.1  -18.0                        
    7  4  1     77.5   17.6   -3.8    2.8  -13.6                        
    7  4  2    471.0   20.5   -5.8    4.1  -18.0                        
    8  5  1    114.0   16.4   -3.0    2.9  -12.0                        
    8  5  2    644.0   20.8   -6.0    4.1  -18.0                        
   10  7  1    207.0   16.5   -3.1    2.8  -11.4                        
   10  7  2   1073.0   21.5   -6.4    4.1  -18.0                        
   11  8  1    264.0   16.8   -3.4    2.8  -11.4                        
   11  8  2   1328.0   21.7   -6.5    4.1  -18.0                        
   12  9  1    328.0   17.1   -3.6    2.7  -11.5                        
   12  9  2   1611.0   22.0   -6.7    4.1  -18.0                        
   13 10  1    399.0   17.4   -3.8    2.7  -11.6                        
   13 10  2   1921.0   22.2   -6.8    4.1  -18.0                        
   14 11  1    476.0   17.7   -4.0    2.7  -11.7                        
   14 11  2   2259.0   22.4   -6.9    4.1  -18.0                        
   16 13  1    652.0   18.1   -4.4    2.7  -11.8                        
   16 13  2   3017.0   22.8   -7.1    4.1  -18.0                        
   18 15  1    855.0   18.4   -4.6    2.7  -12.0                        
   18 15  2   3885.0   23.1   -7.3    4.1  -18.0                        
   20 17  1   1087.0   18.6   -4.6    2.7  -12.1                        
   20 17  2   4865.0   23.4   -7.4    4.1  -18.0                        
   26 23  1   1950.0   19.2   -5.3    2.7  -12.3                        
   26 23  2   8482.0   24.1   -7.9    4.1  -18.0                        
   28 25  1   2290.9   15.46  -4.18   3.01 -9.52                        
   28 25  2   9914.0   24.3   -8.0    4.1  -18.0                        
    6  2  1     24.4   17.3   -9.0    2.5  -13.6                        
    6  2  2     30.9   23.7   -7.6    2.5  -21.7                        
    7  3  1     47.4   16.0   -7.5    2.3  -10.0                        
    7  3  2     55.8   18.1   -4.0    2.8  -15.8                        
    8  4  1     77.4   15.0   -5.0    2.2  -10.5                        
    8  4  2     87.6   16.8   -3.3    2.8  -14.1                        
   10  6  1    158.0   14.5   -4.6    1.9   -8.5                        
   10  6  2    172.0   16.9   -3.4    2.8  -13.2                        
   11  7  1    208.0   14.5   -4.6    1.8   -8.5                        
   11  7  2    224.0   17.2   -3.7    2.8  -13.1                        
   12  8  1    266.0   14.5   -4.6    1.8   -8.5                        
   12  8  2    283.0   17.5   -4.0    2.8  -13.0                        
   13  9  1    330.0   14.0   -4.6    1.7   -8.5                        
   13  9  2    350.0   17.9   -4.1    2.8  -13.0                        
   14 10  1    401.0   14.0   -4.6    1.6   -8.5                        
   14 10  2    423.0   18.0   -4.3    2.8  -12.9                        
   16 12  1    564.0   14.0   -4.6    1.5   -8.5                        
   16 12  2    589.0   18.3   -4.7    2.8  -12.8                        
   18 14  1    755.0   14.0   -4.6    1.4   -8.5                        
   18 14  2    784.0   18.5   -5.0    2.8  -12.6                        
   20 16  1    974.0   14.0   -4.6    1.3   -8.5                        
   20 16  2   1006.0   18.7   -5.3    2.8  -12.4                        
   26 22  1   1799.0   13.7   -4.4    1.0   -8.3                        
   26 22  2   1842.0   19.2   -5.5    2.8  -12.3                        
   28 24  1   2131.0   13.41  -3.76   1.16  -7.24                       
   28 24  2   2185.6   15.52  -4.27   3.09  -9.74                        
    6  1  1     11.3    6.0  -16.0   12.0  -15.1                        
    6  1  2     16.6   24.3   -7.8    2.5  -24.0                        
    7  2  1     29.6   25.0   -6.3    5.3  -25.7                        
    7  2  2     36.7   18.5   -4.3    2.8  -18.0                        
    8  3  1     54.9   25.0   -7.0    5.0  -18.0                        
    8  3  2     63.8   17.3   -3.5    2.9  -16.1                        
   10  5  1    126.0   25.5   -8.5    4.5  -16.8                        
   10  5  2    139.0   17.4   -3.8    2.8  -14.9                        
   11  6  1    172.0   25.5   -8.5    4.2  -16.8                        
   11  6  2    186.0   17.6   -4.0    2.8  -14.7                        
   12  7  1    225.0   25.5   -8.5    4.1  -16.8                        
   12  7  2    241.0   18.0   -4.3    2.8  -14.5                        
   13  8  1    285.0   27.0   -8.5    3.9  -16.8                        
   13  8  2    302.0   18.2   -4.5    2.8  -14.3                        
   14  9  1    351.0   27.0   -8.5    3.8  -16.8                        
   14  9  2    371.0   18.3   -4.7    2.8  -14.1                        
   16 11  1    505.0   27.0   -8.5    3.3  -16.8                        
   16 11  2    528.0   18.6   -5.1    2.8  -13.7                        
   18 13  1    686.0   27.0   -8.5    3.0  -16.8                        
   18 13  2    713.0   18.7   -5.4    2.8  -13.3                        
   20 15  1    894.0   27.0   -8.5    2.7  -16.8                        
   20 15  2    925.0   18.9   -5.8    2.8  -12.8                        
   26 21  1   1689.0   27.4   -8.8    2.0  -16.6                        
   26 21  2   1731.0   19.2   -5.5    2.8  -12.3                        
   28 23  1   2000.3   24.76  -7.54   2.50 -14.64                        
   28 23  2   2082.6   15.74  -4.47   3.18 -10.13                       
    7  1  1     14.5   19.5  -30.5   15.0  -29.0                        
    7  1  2     20.3   19.0   -4.5    2.8  -20.2                        
    8  2  1     35.1   26.0   -8.0    8.4  -28.2                        
    8  2  2     42.6   17.8   -3.9    2.8  -18.1                        
   10  4  1     97.1   34.0  -10.0    7.5  -25.0                        
   10  4  2    108.0   17.8   -4.1    2.8  -16.7                        
   11  5  1    138.0   35.1  -12.4    7.2  -25.1                        
   11  5  2    151.0   18.3   -4.3    2.8  -16.3                        
   12  6  1    187.0   35.1  -12.4    6.9  -25.1                        
   12  6  2    201.0   18.4   -4.6    2.8  -16.0                        
   13  7  1    241.0   38.3  -12.4    6.7  -25.1                        
   13  7  2    258.0   18.5   -4.8    2.8  -15.7                        
   14  8  1    303.0   38.3  -12.4    6.4  -25.1                        
   14  8  2    321.0   18.6   -5.1    2.8  -15.4                        
   16 10  1    447.0   38.3  -12.4    5.5  -25.1                        
   16 10  2    469.0   18.8   -5.5    2.8  -14.7                        
   18 12  1    618.0   38.3  -12.4    4.8  -25.1                        
   18 12  2    644.0   18.9   -5.9    2.8  -14.0                        
   20 14  1    818.0   38.3  -12.4    4.3  -25.1                        
   20 14  2    847.0   19.0   -6.3    2.8  -13.2                        
   26 20  1   1582.0   41.1  -13.2    3.1  -24.9                        
   26 20  2   1622.0   19.2   -5.5    2.8  -12.3                        
   28 22  1   1882.5   37.12 -11.41   4.02 -22.30                       
   28 22  2   2179.8   16.08  -4.78   3.26 -10.62                      
    8  1  1     13.6    3.5  -18.5   15.6  -16.6                        
    8  1  2     28.5   18.2   -4.0    2.8  -20.2                        
   10  3  1     63.5    7.5  -17.5   25.0  -19.7                        
   10  3  2     86.2   18.2   -4.4    2.8  -18.4                        
   11  4  1     99.0   43.3  -16.3   10.7  -33.4                        
   11  4  2    126.0   18.4   -4.7    2.8  -18.0                        
   12  5  1    141.0   43.3  -16.3   10.3  -33.4                        
   12  5  2    172.0   18.6   -4.9    2.8  -17.5                        
   13  6  1    190.0   49.5  -16.3    9.9  -33.4                        
   13  6  2    225.0   18.9   -5.2    2.8  -17.1                        
   14  7  1    246.0   49.5  -16.3    9.6  -33.4                        
   14  7  2    285.0   19.0   -5.4    2.8  -16.6                        
   16  9  1    379.0   49.5  -16.3    8.0  -33.4                        
   16  9  2    426.0   19.1   -5.9    2.8  -15.6                        
   18 11  1    539.0   49.5  -16.3    6.9  -33.4                        
   18 11  2    594.0   19.2   -6.4    2.8  -14.6                        
   20 13  1    727.0   49.5  -16.3    6.1  -33.4                        
   20 13  2    790.0   19.2   -6.8    2.8  -13.7                        
   26 19  1   1456.0   54.8  -17.6    4.1  -33.2                        
   26 19  2   1548.0   19.2   -5.5    2.8  -12.3                        
   28 21  1   1756.0   49.29 -15.28   5.77 -30.11                       
   28 21  2   1882.9   16.36  -4.97   3.35 -11.09                       
   10  2  1     41.1   33.8  -20.4   15.5  -46.0                        
   10  2  2     66.4   18.6   -4.7    2.8  -20.2                        
   11  3  1     71.7   50.1  -20.2   14.8  -41.7                        
   11  3  2    102.0   18.8   -5.0    2.8  -19.6                        
   12  4  1    109.0   50.1  -20.2   14.2  -41.7                        
   12  4  2    144.0   19.1   -5.3    2.8  -19.0                        
   13  5  1    154.0   60.8  -20.2   13.7  -41.7                        
   13  5  2    194.0   19.2   -5.5    2.8  -18.4                        
   14  6  1    205.0   60.8  -20.2   13.2  -41.7                        
   14  6  2    250.0   19.3   -5.8    2.8  -17.8                        
   16  8  1    328.0   60.8  -20.2   10.9  -41.7                        
   16  8  2    384.0   19.3   -6.3    2.8  -16.6                        
   18 10  1    479.0   60.8  -20.2    9.3  -41.7                        
   18 10  2    545.0   19.4   -6.8    2.8  -15.3                        
   20 12  1    657.0   60.8  -20.2    8.1  -41.7                        
   20 12  2    734.0   19.4   -7.3    2.8  -14.1                        
   26 18  1   1358.0   68.5  -22.0    5.1  -41.5                        
   26 18  2   1471.0   19.2   -5.5    2.8  -12.3                        
   28 20  1   1655.5   61.24 -19.16   7.78 -38.09                       
   28 20  2   1786.4   16.49  -5.11   3.44 -11.41                       
   10  1  1     21.6   40.0  -42.0   18.0  -56.0                        
   10  1  2     48.5   19.1   -4.9    2.8  -21.8                        
   11  2  1     47.3   48.5  -33.5   19.4  -65.9                        
   11  2  2     80.1   19.2   -5.3    2.8  -21.2                        
   12  3  1     80.1   55.5  -24.1   18.7  -65.0                        
   12  3  2    119.0   19.3   -5.6    2.8  -20.5                        
   13  4  1    120.0   69.8  -23.7   18.0  -69.8                        
   13  4  2    164.0   19.5   -5.9    2.8  -19.8                        
   14  5  1    167.0   70.8  -23.4   17.4  -64.2                        
   14  5  2    217.0   19.6   -6.2    2.8  -19.0                        
   16  7  1    281.0   72.0  -21.7   14.2  -55.9                        
   16  7  2    343.0   19.6   -6.8    2.8  -17.5                        
   18  9  1    423.0   72.6  -19.9   11.9  -51.0                        
   18  9  2    498.0   19.6   -7.3    2.8  -16.0                        
   20 11  1    592.0   76.5  -24.5   10.3  -50.5                        
   20 11  2    680.0   19.5   -7.8    2.8  -14.5                        
   26 17  1   1265.0   82.2  -26.4    6.1  -49.8                        
   26 17  2   1397.0   19.2   -5.5    2.8  -12.3                        
   28 19  1   1546.4   71.69 -23.19  10.71 -45.63                       
   28 19  2   1692.1   16.33  -5.04   3.52 -11.47                       
   11  1  1      5.1   16.0   -1.0    0.2  -13.5                        
   11  1  2     34.0   63.9  -27.0   33.0  -80.0                        
   12  2  1     15.0    9.0   -3.6    0.3   -5.4                        
   12  2  2     65.0   37.7  -30.0   24.8  -62.0                        
   12  2  3    104.5   17.6   -5.2    3.3  -19.0                        
   13  3  1     28.4    6.3   -2.4    0.5   -4.1                        
   13  3  2    103.0   31.3  -22.7   21.0  -44.1                        
   13  3  3    145.6   12.1   -3.5    3.3  -13.1                        
   14  4  1     45.1    9.0   -3.0    0.6   -5.8                        
   14  4  2    148.0   66.7  -24.8   18.7  -65.0                        
   14  4  3    193.5   22.0   -7.2    3.3  -20.9                        
   16  6  1     88.1    9.0   -2.8    0.7   -5.4                        
   16  6  2    257.0   73.2  -27.0   15.8  -61.1                        
   16  6  3    309.7   23.1   -8.0    3.3  -19.5                        
   18  8  1    143.0    9.0   -2.7    0.8   -5.4                        
   18  8  2    394.0   74.8  -27.0   14.1  -58.6                        
   18  8  3    453.1   23.4   -8.3    3.3  -18.5                        
   20 10  1    211.0    9.0   -2.6    0.9   -5.4                        
   20 10  2    559.0   76.1  -27.0   12.8  -56.6                        
   20 10  3    623.7   23.5   -8.4    3.3  -17.8                        
   26 16  1    490.0    9.0   -2.6    1.0   -5.4                        
   26 16  2   1223.0   78.9  -27.0   10.6  -52.8                        
   26 16  3   1298.6   23.5   -7.8    3.3  -16.5                        
   28 18  1    608.0    9.0   -2.6    1.0   -5.4                        
   28 18  2   1500.0   79.6  -27.0   10.1  -51.9                        
   28 18  3   1578.0   23.5   -7.8    3.3  -16.2                        
   12  1  1      7.6   18.0   -1.0    0.6   -4.0                        
   12  1  2     54.0   37.7  -30.0   24.8  -62.0                        
   12  1  3     92.2   17.6   -5.2    3.3  -19.0                        
   13  2  1     18.8   17.0   -6.0    1.0   -8.0                        
   13  2  2     90.0   31.3  -22.7   21.0  -44.1                        
   13  2  3    131.0   12.1   -3.5    3.3  -13.1                        
   14  3  1     33.5   19.8   -5.7    1.3  -11.9                        
   14  3  2    133.0   66.7  -24.8   18.7  -65.0                        
   14  3  3    176.6   22.0   -7.2    3.3  -20.9                        
   16  5  1     72.7   19.8   -5.7    1.6  -11.9                        
   16  5  2    239.0   73.2  -27.0   15.8  -61.1                        
   16  5  3    288.2   23.1   -8.0    3.3  -19.5                        
   18  7  1    125.0   19.8   -5.7    1.9  -11.9                        
   18  7  2    373.0   74.8  -27.0   14.1  -58.6                        
   18  7  3    427.0   23.4   -8.3    3.3  -18.5                        
   20  9  1    189.0   19.8   -5.7    1.75 -11.9                        
   20  9  2    534.0   76.1  -27.0   12.8  -56.6                        
   20  9  3    593.1   23.5   -8.4    3.3  -17.8                        
   26 15  1    457.0   19.8   -5.7    2.1  -11.9                        
   26 15  2   1185.0   78.9  -27.0   10.6  -52.8                        
   26 15  3   1254.3   23.5   -7.8    3.3  -16.5                        
   28 17  1    571.0   19.8   -5.7    2.2  -11.9                        
   28 17  2   1458.0   79.6  -27.0   10.1  -51.9                        
   28 17  3   1529.1   23.5   -7.8    3.3  -16.2                        
   13  1  1      6.0   47.0  -26.0    0.6  -39.0                        
   13  1  2     10.6   55.1  -37.2    1.4  -41.0                        
   14  2  1     16.3   50.4  -33.4    0.6  -36.9                        
   14  2  2     22.9   55.1  -37.2    1.4  -41.0                        
   16  4  1     47.3   50.4  -33.4    0.6  -36.9                        
   16  4  2     57.6   55.1  -37.2    1.4  -41.0                        
   18  6  1     91.2   50.4  -33.4    0.6  -36.9                        
   18  6  2    105.0   55.1  -37.2    1.4  -41.0                        
   20  8  1    148.0   11.1   -3.35   1.26  -7.3                        
   20  8  2    165.0   22.7   -8.65   1.89 -15.5                        
   26 14  1    392.0    9.1   -2.6    1.4   -5.6                        
   26 14  2    421.0   28.2  -12.5    2.3  -19.4                        
   28 16  1    499.0    9.1   -2.6    1.4   -5.6                        
   28 16  2    531.0   28.2  -12.5    2.3  -19.4                        
   14  1  1      8.1   74.5  -49.4    1.3  -54.6                        
   14  1  2     13.5   53.8  -35.8    1.4  -40.7                        
   16  3  1     35.0   74.5  -49.4    1.3  -54.6                        
   16  3  2     43.8   53.8  -35.8    1.4  -40.7                        
   18  5  1     75.2   74.5  -49.4    1.3  -54.6                        
   18  5  2     87.6   53.8  -35.8    1.4  -40.7                        
   20  7  1    128.0   22.9   -7.4    2.84 -15.9                        
   20  7  2    144.0   21.9   -7.7    1.9  -14.9                        
   26 13  1    361.0   21.3   -5.9    3.0  -12.6                        
   26 13  2    388.0   26.4  -11.2    2.3  -18.1                        
   28 15  1    464.0   21.3   -5.9    3.0  -12.6                        
   28 15  2    494.0   26.4  -11.2    2.3  -18.1                        
   16  2  1     23.4   98.7  -65.4    1.9  -72.3                        
   16  2  2     30.7   52.5  -34.5    1.4  -40.5                        
   18  4  1     59.7   98.7  -65.4    1.9  -72.3                        
   18  4  2     70.4   52.5  -34.5    1.4  -40.5                        
   20  6  1    109.0   40.9  -13.6    3.44 -30.1                        
   20  6  2    123.0   20.4   -6.33   2.13 -13.8                        
   26 12  1    331.0   39.2   -9.7    4.4  -20.8                        
   26 12  2    356.0   24.6   -9.8    2.3  -16.8                        
   28 14  1    430.0   33.4   -9.7    4.6  -20.8                        
   28 14  2    458.0   24.6   -9.8    2.3  -16.8                        
   16  1  1     10.4    6.0  -22.0   20.0  -20.0                        
   16  1  2     20.2   51.3  -33.2    1.4  -40.2                        
   18  3  1     40.9  122.8  -81.4    2.6  -90.0                        
   18  3  2     55.5   51.3  -33.2    1.4  -40.2                        
   20  5  1     84.5   47.1  -14.5    4.75 -35.5                        
   20  5  2    104.0   18.9   -5.13   1.62 -13.2                        
   26 11  1    290.0   45.6  -13.9    6.2  -30.0                        
   26 11  2    324.0   22.8   -8.4    2.3  -15.4                        
   28 13  1    384.0   45.6  -13.9    6.2  -30.0                        
   28 13  2    423.0   22.8   -8.4    2.3  -15.4                        
   18  2  1     27.6  147.0  -97.4    3.2 -107.7                        
   18  2  2     41.7   50.0  -31.8    1.4  -40.0                        
   20  4  1     67.3   55.8  -15.8    6.4  -44.5                        
   20  4  2     86.4   16.2   -3.2    1.77 -11.6                        
   26 10  1    262.0   57.7  -18.6    7.8  -40.3    
   26 10  2    297.0   21.0   -7.1    2.3  -14.1
   28 12  1    352.0   57.7  -18.6    7.8  -40.3                        
   28 12  2    393.0   21.0   -7.1    2.3  -14.1                        
   18  1  1     15.8  171.1  -78.0    3.8 -169.0                        
   18  1  2     29.2   48.7  -30.5    1.4  -39.7                        
   20  3  1     51.2   74.3  -24.2    7.0  -63.0                        
   20  3  2     70.1   17.6   -3.8    1.95 -13.8                        
   26  9  1    235.0   69.9  -23.7    9.5  -51.7
   26  9  2    271.0   19.2   -5.7    2.3  -12.7 
   28 11  1    321.0   69.9  -23.7    9.5  -51.7                        
   28 11  2    363.0   19.2   -5.7    2.3  -12.7                        
   20  2  1     11.9    7.9   -2.0    0.2   -6.0                        
   20  2  2     37.0   74.3  -24.2    7.0  -63.0                        
   20  2  3     45.2   17.6   -3.8    1.9  -13.8                        
   26  8  1    151.7   14.3   -4.44   2.45  -9.53                        
   26  8  2    213.0   69.9  -23.7    9.5  -51.7 
   26  8  3    249.    19.2   -5.7    2.3  -12.7 
   28 10  1    225.0   12.5   -4.0    0.4   -6.0                        
   28 10  2    296.0   69.9  -23.7    9.5  -51.7                        
   28 10  3    338.0   19.2   -5.7    2.3  -12.7                        
   20  1  1      6.1    2.5   -2.5    8.0   -5.5                        
   20  1  2     28.0   74.3  -24.2    7.0  -63.0                        
   20  1  3     40.3   17.6   -3.8    1.9  -13.8                        
   26  7  1    124.2   14.6   -4.36   5.98 -10.5                        
   26  7  2    180.0   67.9  -20.6    9.82 -53.7                        
   26  7  3    220.9   15.6   -2.29   2.3  -10.6                        
   28  9  1    193.0   24.1   -7.7    0.7  -11.7                        
   28  9  2    271.0   69.9  -23.7    9.5  -51.7                        
   28  9  3    313.0   19.2   -5.7    2.3  -12.7                        
   26  6  1     98.69  36.9  -11.8   10.3  -31.5                        
   26  6  2    155.5   67.0  -18.6    9.43 -56.5                        
   26  6  3    195.8   12.7   -0.086  2.42  -8.97                        
   28  8  1    162.0   34.5  -10.9    1.1  -16.7                        
   28  8  2    246.0   69.9  -23.7    9.5  -51.7                        
   28  8  3    288.0   19.2   -5.7    2.3  -12.7                        
   26  5  1     75.15  48.10 -20.4   16.2  -48.4                       
   26  5  2    132.7   66.80 -18.9    9.29 -60.5                       
   26  5  3    172.4   13.4  -0.410   2.33 -10.9                        
   28  7  1    133.0   43.2  -13.7    1.3  -20.9                        
   28  7  2    221.0   69.9  -23.7    9.5  -51.7                        
   28  7  3    264.0   19.2   -5.7    2.3  -12.7                        
   26  4  1     53.74  77.40 -43.90  19.60 -81.9                        
   26  4  2    111.9   79.10 -30.0    8.38 -74.60                        
   26  4  3    151.0   16.70 -3.44    2.32  -15.10                       
   28  6  1    108.0   50.8  -16.1    1.6  -24.6                        
   28  6  2    196.0   69.9  -23.7    9.5  -51.7                        
   28  6  3    239.0   19.2   -5.7    2.3  -12.7                        
   26  3  1     34.75  84.77 -67.60  21.00 -84.08                       
   26  3  2     93.28  87.7  -49.6    11.4  -84.8                       
   26  3  3    131.9   25.9   -11.70  2.32 -23.90                       
   28  5  1     75.5   49.9  -15.9    1.6  -24.1                        
   28  5  2    171.0   69.9  -23.7    9.5  -51.7                        
   28  5  3    215.0   19.2   -5.7    2.3  -12.7                        
   26  2  1     16.18  17.40  -3.27   0.16  -10.16                        
   26  2  2     24.83  30.12  -38.82  18.60 -45.72                        
   26  2  3     83.37  115.0  -72.40  9.57 -107.0                      
   28  4  1     54.9   50.3  -16.0    1.6  -24.3                        
   28  4  2    146.0   69.9  -23.7    9.5  -51.7                        
   28  4  3    190.0   19.2   -5.7    2.3  -12.7                        
   26  1  1      7.9    31.9  -15.0    0.32   -28.1                        
   26  1  2      9.0    15.0  -16.7  7.0  -12.7                        
   26  1  3     59.0   115.0  -72.40  9.57 -107.0                       
   28  3  1     35.2   44.4  -14.1    1.4  -21.5                        
   28  3  2    122.0   69.9  -23.7    9.5  -51.7                        
   28  3  3    166.0   19.2   -5.7    2.3  -12.7                        
   28  2  1     18.2   32.2  -10.0    1.0  -15.4                        
   28  2  2     97.0   69.9  -23.7    9.5  -51.7                        
   28  2  3    142.0   19.2   -5.7    2.3  -12.7                        
   28  1  1      8.7    2.5   -0.8    0.2   -1.2                        
   28  1  2     10.0   12.6   -4.0    0.4   -6.1                        
   28  1  3     73.0   69.9  -23.7    9.5  -51.7                        
