wave flux

6277.0  9827  
6277.01  9844  
6277.02  9850  
6277.032  9850  
6277.042  9844  
6277.054  9829  
6277.064  9808  
6277.076  9772  
6277.086  9737  
6277.098  9687  
6277.108  9645  
6277.118  9610  
6277.13  9592  
6277.14  9595  
6277.152  9620  
6277.162  9653  
6277.174  9692  
6277.184  9718  
6277.194  9739  
6277.206  9752  
6277.216  9756  
6277.228  9731  
6277.238  9695  
6277.25  9617  
6277.26  9510  
6277.27  9302  
6277.282  8661  
6277.292  7179  
6277.304  4286  
6277.314  4531  
6277.326  7163  
6277.336  8335  
6277.348  8857  
6277.358  9065  
6277.368  9190  
6277.38  9219  
6277.39  9029  
6277.402  7973  
6277.412  6473  
6277.424  7102  
6277.434  8325  
6277.444  8601  
6277.456  7684  
6277.466  7303  
6277.478  8527  
6277.488  9178  
6277.5  9318  
6277.51  9048  
6277.52  8785  
6277.532  9241  
6277.542  9545  
6277.554  9672  
6277.564  9695  
6277.576  9663  
6277.586  9589  
6277.598  9414  
6277.608  9027  
6277.618  7874  
6277.63  5596  
6277.64  5900  
6277.652  8092  
6277.662  8992  
6277.674  9357  
6277.684  9494  
6277.694  9580  
6277.706  9652  
6277.716  9687  
6277.728  9713  
6277.738  9709  
6277.75  9644  
6277.76  9491  
6277.77  8932  
6277.782  8358  
6277.792  8922  
6277.804  9499  
6277.814  9635  
6277.826  9721  
6277.836  9754  
6277.848  9781  
6277.858  9794  
6277.868  9801  
6277.88  9806  
6277.89  9807  
6277.902  9804  
6277.912  9797  
6277.924  9784  
6277.934  9766  
6277.944  9738  
6277.956  9686  
6277.966  9650  
6277.978  9607  
6277.988  9573  
6278.0  9505  
6278.01  9407  
6278.02  9258  
6278.032  8913  
6278.042  8188  
6278.054  5815  
6278.064  3504  
6278.076  4636  
6278.086  6724  
6278.098  7229  
6278.108  5712  
6278.118  4234  
6278.13  6048  
6278.14  7872  
6278.152  8744  
6278.162  8942  
6278.174  8979  
6278.184  8977  
6278.194  8956  
6278.206  8950  
6278.216  8974  
6278.228  9037  
6278.238  9103  
6278.25  9194  
6278.26  9268  
6278.27  9336  
6278.282  9410  
6278.292  9468  
6278.304  9524  
6278.314  9560  
6278.326  9589  
6278.336  9574  
6278.348  9448  
6278.358  9005  
6278.368  8531  
6278.38  9004  
6278.39  9478  
6278.402  9675  
6278.412  9748  
6278.424  9790  
6278.434  9811  
6278.444  9826  
6278.456  9838  
6278.466  9847  
6278.478  9855  
6278.488  9858  
6278.5  9861  
6278.51  9864  
6278.52  9869  
6278.532  9875  
6278.542  9879  
6278.554  9883  
6278.564  9885  
6278.576  9887  
6278.586  9887  
6278.598  9885  
6278.608  9882  
6278.618  9880  
6278.63  9877  
6278.64  9875  
6278.652  9871  
6278.662  9870  
6278.674  9869  
6278.684  9866  
6278.694  9861  
6278.706  9856  
6278.716  9852  
6278.728  9848  
6278.738  9843  
6278.75  9835  
6278.76  9825  
6278.77  9812  
6278.782  9788  
6278.792  9758  
6278.804  9699  
6278.814  9621  
6278.826  9454  
6278.836  9158  
6278.848  8138  
6278.858  5994  
6278.868  3995  
6278.88  5727  
6278.89  7909  
6278.902  9050  
6278.912  9367  
6278.924  9546  
6278.934  9622  
6278.944  9666  
6278.956  9701  
6278.966  9717  
6278.978  9724  
6278.988  9720  
6279.0  9702  
6279.01  9675  
6279.02  9636  
6279.032  9556  
6279.042  9439  
6279.054  9106  
6279.064  8507  
6279.076  6526  
6279.086  3763  
6279.098  3946  
6279.108  6565  
6279.118  8272  
6279.13  9085  
6279.14  9351  
6279.152  9515  
6279.162  9593  
6279.174  9629  
6279.184  9626  
6279.194  9606  
6279.206  9548  
6279.216  9406  
6279.228  9183  
6279.238  9301  
6279.25  9392  
6279.26  9389  
6279.27  9345  
6279.282  9239  
6279.292  9150  
6279.304  9036  
6279.314  8954  
6279.326  8870  
6279.336  8846  
6279.348  8873  
6279.358  8930  
6279.368  9025  
6279.38  9162  
6279.39  9280  
6279.402  9407  
6279.412  9500  
6279.424  9585  
6279.434  9637  
6279.444  9678  
6279.456  9721  
6279.466  9745  
6279.478  9726  
6279.488  9635  
6279.5  9611  
6279.51  9722  
6279.52  9778  
6279.532  9818  
6279.542  9836  
6279.554  9847  
6279.564  9852  
6279.576  9854  
6279.586  9852  
6279.598  9844  
6279.608  9832  
6279.618  9816  
6279.63  9785  
6279.64  9751  
6279.652  9676  
6279.662  9571  
6279.674  9369  
6279.684  9127  
6279.694  8846  
6279.706  8422  
6279.716  8054  
6279.728  7664  
6279.738  7440  
6279.75  7364  
6279.76  7423  
6279.77  7614  
6279.782  7988  
6279.792  8289  
6279.804  8638  
6279.814  8865  
6279.826  9034  
6279.836  9080  
6279.848  8929  
6279.858  8511  
6279.868  7265  
6279.88  4337  
6279.89  4125  
6279.902  6982  
6279.912  8511  
6279.924  9224  
6279.934  9476  
6279.944  9602  
6279.956  9689  
6279.966  9732  
6279.978  9772  
6279.988  9795  
6280.0  9814  
6280.01  9825  
6280.02  9831  
6280.032  9834  
6280.042  9836  
6280.054  9839  
6280.064  9842  
6280.076  9846  
6280.086  9850  
6280.098  9851  
6280.108  9849  
6280.118  9846  
6280.13  9843  
6280.14  9843  
6280.152  9846  
6280.162  9848  
6280.174  9850  
6280.184  9851  
6280.194  9851  
6280.206  9849  
6280.216  9847  
6280.228  9845  
6280.238  9842  
6280.25  9837  
6280.26  9830  
6280.27  9818  
6280.282  9797  
6280.292  9772  
6280.304  9730  
6280.314  9680  
6280.326  9581  
6280.336  9427  
6280.348  9021  
6280.358  8220  
6280.368  6536  
6280.38  3594  
6280.39  4130  
6280.402  7128  
6280.412  8591  
6280.424  9239  
6280.434  9481  
6280.444  9617  
6280.456  9691  
6280.466  9735  
6280.478  9756  
6280.488  9760  
6280.5  9743  
6280.51  9699  
6280.52  9630  
6280.532  9452  
6280.542  9169  
6280.554  8589  
6280.564  7909  
6280.576  6854  
6280.586  5915  
6280.598  4900  
6280.608  4248  
6280.618  3896  
6280.63  3864  
6280.64  4228  
6280.652  5165  
6280.662  6189  
6280.674  7398  
6280.684  8167  
6280.694  8714  
6280.706  9091  
6280.716  9249  
6280.728  9300  
6280.738  9307  
6280.75  9288  
6280.76  9277  
6280.77  9283  
6280.782  9322  
6280.792  9380  
6280.804  9486  
6280.814  9570  
6280.826  9651  
6280.836  9704  
6280.848  9760  
6280.858  9789  
6280.868  9800  
6280.88  9792  
6280.89  9780  
6280.902  9792  
6280.912  9821  
6280.924  9844  
6280.934  9857  
6280.944  9862  
6280.956  9863  
6280.966  9864  
6280.978  9866  
6280.988  9867  
6281.0  9869  
6281.01  9868  
6281.02  9865  
6281.032  9858  
6281.042  9849  
6281.054  9833  
6281.064  9817  
6281.076  9791  
6281.086  9763  
6281.098  9717  
6281.108  9658  
6281.118  9564  
6281.13  9325  
6281.14  8858  
6281.152  7251  
6281.162  4830  
6281.174  4906  
6281.184  7232  
6281.194  8676  
6281.206  9320  
6281.216  9546  
6281.228  9679  
6281.238  9746  
6281.25  9787  
6281.26  9807  
6281.27  9815  
6281.282  9818  
6281.292  9824  
6281.304  9833  
6281.314  9842  
6281.326  9853  
6281.336  9860  
6281.348  9867  
6281.358  9869  
6281.368  9868  
6281.38  9864  
6281.39  9859  
6281.402  9855  
6281.412  9851  
6281.424  9848  
6281.434  9846  
6281.444  9847  
6281.456  9851  
6281.466  9856  
6281.478  9865  
6281.488  9872  
6281.5  9880  
6281.51  9884  
6281.52  9888  
6281.532  9890  
6281.542  9889  
6281.554  9885  
6281.564  9880  
6281.576  9873  
6281.586  9867  
6281.598  9859  
6281.608  9853  
6281.618  9850  
6281.63  9853  
6281.64  9858  
6281.652  9860  
6281.662  9860  
6281.674  9857  
6281.684  9854  
6281.694  9854  
6281.706  9857  
6281.716  9858  
6281.728  9852  
6281.738  9837  
6281.75  9809  
6281.76  9788  
6281.77  9776  
6281.782  9781  
6281.792  9793  
6281.804  9806  
6281.814  9810  
6281.826  9809  
6281.836  9805  
6281.848  9791  
6281.858  9771  
6281.868  9740  
6281.88  9688  
6281.89  9613  
6281.902  9440  
6281.912  9126  
6281.924  8129  
6281.934  6053  
6281.944  4172  
6281.956  5902  
6281.966  7965  
6281.978  9028  
6281.988  9365  
6282.0  9541  
6282.01  9618  
6282.02  9664  
6282.032  9704  
6282.042  9726  
6282.054  9744  
6282.064  9758  
6282.076  9778  
6282.086  9797  
6282.098  9819  
6282.108  9835  
6282.118  9848  
6282.13  9861  
6282.14  9870  
6282.152  9876  
6282.162  9877  
6282.174  9875  
6282.184  9873  
6282.194  9872  
6282.206  9868  
6282.216  9865  
6282.228  9861  
6282.238  9858  
6282.25  9856  
6282.26  9853  
6282.27  9850  
6282.282  9849  
6282.292  9850  
6282.304  9855  
6282.314  9860  
6282.326  9864  
6282.336  9867  
6282.348  9873  
6282.358  9878  
6282.368  9882  
6282.38  9881  
6282.39  9879  
6282.402  9876  
6282.412  9872  
6282.424  9865  
6282.434  9857  
6282.444  9846  
6282.456  9826  
6282.466  9802  
6282.478  9767  
6282.488  9746  
6282.5  9735  
6282.51  9724  
6282.52  9698  
6282.532  9646  
6282.542  9568  
6282.554  9437  
6282.564  9295  
6282.576  9151  
6282.586  9075  
6282.598  9017  
6282.608  8986  
6282.618  8959  
6282.63  8930  
6282.64  8902  
6282.652  8860  
6282.662  8800  
6282.674  8676  
6282.684  8484  
6282.694  7879  
6282.706  6016  
6282.716  5096  
6282.728  6938  
6282.738  8232  
6282.75  8785  
6282.76  8834  
6282.77  8740  
6282.782  8548  
6282.792  8392  
6282.804  8260  
6282.814  8241  
6282.826  8352  
6282.836  8516  
6282.848  8780  
6282.858  9010  
6282.868  9198  
6282.88  9373  
6282.89  9492  
6282.902  9593  
6282.912  9663  
6282.924  9727  
6282.934  9764  
6282.944  9793  
6282.956  9818  
6282.966  9831  
6282.978  9844  
6282.988  9851  
6283.0  9857  
6283.01  9861  
6283.02  9866  
6283.032  9875  
6283.042  9882  
6283.054  9887  
6283.064  9887  
6283.076  9884  
6283.086  9881  
6283.098  9879  
6283.108  9878  
6283.118  9876  
6283.13  9873  
6283.14  9872  
6283.152  9870  
6283.162  9868  
6283.174  9867  
6283.184  9867  
6283.194  9870  
6283.206  9874  
6283.216  9877  
6283.228  9880  
6283.238  9884  
6283.25  9888  
6283.26  9891  
6283.27  9894  
6283.282  9896  
6283.292  9897  
6283.304  9897  
6283.314  9898  
6283.326  9899  
6283.336  9899  
6283.348  9898  
6283.358  9896  
6283.368  9896  
6283.38  9899  
6283.39  9901  
6283.402  9902  
6283.412  9901  
6283.424  9895  
6283.434  9887  
6283.444  9878  
6283.456  9871  
6283.466  9873  
6283.478  9881  
6283.488  9887  
6283.5  9891  
6283.51  9892  
6283.52  9891  
6283.532  9891  
6283.542  9892  
6283.554  9895  
6283.564  9897  
6283.576  9897  
6283.586  9896  
6283.598  9893  
6283.608  9891  
6283.618  9887  
6283.63  9883  
6283.64  9879  
6283.652  9873  
6283.662  9867  
6283.674  9858  
6283.684  9848  
6283.694  9833  
6283.706  9807  
6283.716  9776  
6283.728  9723  
6283.738  9649  
6283.75  9462  
6283.76  9071  
6283.77  7990  
6283.782  6063  
6283.792  6674  
6283.804  8546  
6283.814  9249  
6283.826  9566  
6283.836  9667  
6283.848  9737  
6283.858  9770  
6283.868  9794  
6283.88  9810  
6283.89  9819  
6283.902  9826  
6283.912  9831  
6283.924  9836  
6283.934  9839  
6283.944  9844  
6283.956  9850  
6283.966  9857  
6283.978  9864  
6283.988  9868  
6284.0  9873  
6284.01  9876  
6284.02  9880  
6284.032  9884  
6284.042  9889  
6284.054  9896  
6284.064  9899  
6284.076  9901  
6284.086  9901  
6284.098  9900  
6284.108  9900  
6284.118  9898  
6284.13  9898  
6284.14  9898  
6284.152  9898  
6284.162  9897  
6284.174  9897  
6284.184  9898  
6284.194  9900  
6284.206  9900  
6284.216  9900  
6284.228  9898  
6284.238  9897  
6284.25  9895  
6284.26  9895  
6284.27  9897  
6284.282  9897  
6284.292  9899  
6284.304  9900  
6284.314  9900  
6284.326  9898  
6284.336  9897  
6284.348  9895  
6284.358  9894  
6284.368  9894  
6284.38  9890  
6284.39  9888  
6284.402  9885  
6284.412  9879  
6284.424  9870  
6284.434  9858  
6284.444  9843  
6284.456  9817  
6284.466  9787  
6284.478  9735  
6284.488  9674  
6284.5  9481  
6284.51  9096  
6284.52  8228  
6284.532  8124  
6284.542  8964  
6284.554  9498  
6284.564  9653  
6284.576  9746  
6284.586  9794  
6284.598  9829  
6284.608  9849  
6284.618  9864  
6284.63  9877  
6284.64  9885  
6284.652  9889  
6284.662  9887  
6284.674  9884  
6284.684  9882  
6284.694  9879  
6284.706  9874  
6284.716  9868  
6284.728  9862  
6284.738  9861  
6284.75  9862  
6284.76  9865  
6284.77  9870  
6284.782  9875  
6284.792  9878  
6284.804  9881  
6284.814  9884  
6284.826  9885  
6284.836  9884  
6284.848  9878  
6284.858  9874  
6284.868  9873  
6284.88  9874  
6284.89  9875  
6284.902  9876  
6284.912  9876  
6284.924  9880  
6284.934  9884  
6284.944  9888  
6284.956  9892  
6284.966  9895  
6284.978  9895  
6284.988  9895  
6285.0  9894  
6285.01  9895  
6285.02  9896  
6285.032  9894  
6285.042  9889  
6285.054  9879  
6285.064  9867  
6285.076  9841  
6285.086  9809  
6285.098  9737  
6285.108  9654  
6285.118  9541  
6285.13  9374  
6285.14  9204  
6285.152  9042  
6285.162  8973  
6285.174  8971  
6285.184  9046  
6285.194  9176  
6285.206  9377  
6285.216  9529  
6285.228  9659  
6285.238  9736  
6285.25  9796  
6285.26  9830  
6285.27  9853  
6285.282  9870  
6285.292  9877  
6285.304  9880  
6285.314  9880  
6285.326  9880  
6285.336  9881  
6285.348  9884  
6285.358  9887  
6285.368  9890  
6285.38  9893  
6285.39  9893  
6285.402  9893  
6285.412  9894  
6285.424  9893  
6285.434  9895  
6285.444  9896  
6285.456  9897  
6285.466  9899  
6285.478  9901  
6285.488  9903  
6285.5  9903  
6285.51  9902  
6285.52  9901  
6285.532  9903  
6285.542  9904  
6285.554  9907  
6285.564  9908  
6285.576  9906  
6285.586  9903  
6285.598  9899  
6285.608  9896  
6285.618  9895  
6285.63  9894  
6285.64  9894  
6285.652  9893  
6285.662  9892  
6285.674  9888  
6285.684  9884  
6285.694  9878  
6285.706  9870  
6285.716  9859  
6285.728  9845  
6285.738  9831  
6285.75  9815  
6285.76  9799  
6285.77  9778  
6285.782  9747  
6285.792  9726  
6285.804  9716  
6285.814  9726  
6285.826  9748  
6285.836  9768  
6285.848  9788  
6285.858  9799  
6285.868  9806  
6285.88  9812  
6285.89  9816  
6285.902  9822  
6285.912  9827  
6285.924  9831  
6285.934  9834  
6285.944  9836  
6285.956  9835  
6285.966  9832  
6285.978  9824  
6285.988  9811  
6286.0  9787  
6286.01  9762  
6286.02  9732  
6286.032  9687  
6286.042  9637  
6286.054  9557  
6286.064  9471  
6286.076  9320  
6286.086  9153  
6286.098  8919  
6286.108  8693  
6286.118  8466  
6286.13  8244  
6286.14  8160  
6286.152  8162  
6286.162  8282  
6286.174  8525  
6286.184  8766  
6286.194  9005  
6286.206  9247  
6286.216  9416  
6286.228  9556  
6286.238  9639  
6286.25  9715  
6286.26  9759  
6286.27  9793  
6286.282  9824  
6286.292  9841  
6286.304  9856  
6286.314  9864  
6286.326  9874  
6286.336  9882  
6286.348  9888  
6286.358  9892  
6286.368  9894  
6286.38  9894  
6286.39  9895  
6286.402  9897  
6286.412  9895  
6286.424  9891  
6286.434  9887  
6286.444  9884  
6286.456  9880  
6286.466  9875  
6286.478  9867  
6286.488  9860  
6286.5  9854  
6286.51  9851  
6286.52  9853  
6286.532  9860  
6286.542  9867  
6286.554  9874  
6286.564  9879  
6286.576  9884  
6286.586  9887  
6286.598  9890  
6286.608  9894  
6286.618  9897  
6286.63  9900  
6286.64  9901  
6286.652  9902  
6286.662  9900  
6286.674  9898  
6286.684  9895  
6286.694  9891  
6286.706  9886  
6286.716  9883  
6286.728  9878  
6286.738  9875  
6286.75  9871  
6286.76  9869  
6286.77  9867  
6286.782  9865  
6286.792  9865  
6286.804  9866  
6286.814  9866  
6286.826  9864  
6286.836  9862  
6286.848  9861  
6286.858  9860  
6286.868  9859  
6286.88  9859  
6286.89  9857  
6286.902  9856  
6286.912  9855  
6286.924  9859  
6286.934  9862  
6286.944  9867  
6286.956  9872  
6286.966  9877  
6286.978  9882  
6286.988  9887  
6287.0  9892  
6287.01  9894  
6287.02  9895  
6287.032  9897  
6287.042  9898  
6287.054  9899  
6287.064  9897  
6287.076  9894  
6287.086  9891  
6287.098  9891  
6287.108  9891  
6287.118  9889  
6287.13  9886  
6287.14  9884  
6287.152  9880  
6287.162  9877  
6287.174  9873  
6287.184  9867  
6287.194  9859  
6287.206  9849  
6287.216  9842  
6287.228  9837  
6287.238  9833  
6287.25  9828  
6287.26  9826  
6287.27  9824  
6287.282  9823  
6287.292  9823  
6287.304  9823  
6287.314  9825  
6287.326  9831  
6287.336  9839  
6287.348  9851  
6287.358  9862  
6287.368  9873  
6287.38  9884  
6287.39  9890  
6287.402  9891  
6287.412  9890  
6287.424  9890  
6287.434  9891  
6287.444  9891  
6287.456  9889  
6287.466  9887  
6287.478  9882  
6287.488  9878  
6287.5  9868  
6287.51  9857  
6287.52  9846  
6287.532  9834  
6287.542  9825  
6287.554  9817  
6287.564  9813  
6287.576  9813  
6287.586  9816  
6287.598  9819  
6287.608  9822  
6287.618  9824  
6287.63  9825  
6287.64  9823  
6287.652  9815  
6287.662  9801  
6287.674  9769  
6287.684  9729  
6287.694  9659  
6287.706  9455  
6287.716  9032  
6287.728  7623  
6287.738  6521  
6287.75  7742  
6287.76  8914  
6287.77  9409  
6287.782  9623  
6287.792  9708  
6287.804  9767  
6287.814  9796  
6287.826  9819  
6287.836  9830  
6287.848  9835  
6287.858  9836  
6287.868  9834  
6287.88  9830  
6287.89  9825  
6287.902  9820  
6287.912  9817  
6287.924  9818  
6287.934  9823  
6287.944  9832  
6287.956  9846  
6287.966  9858  
6287.978  9869  
6287.988  9877  
6288.0  9882  
6288.01  9885  
6288.02  9886  
6288.032  9887  
6288.042  9889  
6288.054  9891  
6288.064  9893  
6288.076  9894  
6288.086  9897  
6288.098  9896  
6288.108  9895  
6288.118  9895  
6288.13  9894  
6288.14  9892  
6288.152  9891  
6288.162  9889  
6288.174  9888  
6288.184  9884  
6288.194  9877  
6288.206  9865  
6288.216  9851  
6288.228  9831  
6288.238  9808  
6288.25  9771  
6288.26  9735  
6288.27  9689  
6288.282  9629  
6288.292  9574  
6288.304  9515  
6288.314  9499  
6288.326  9507  
6288.336  9541  
6288.348  9598  
6288.358  9657  
6288.368  9710  
6288.38  9761  
6288.39  9794  
6288.402  9824  
6288.412  9843  
6288.424  9860  
6288.434  9869  
6288.444  9875  
6288.456  9879  
6288.466  9882  
6288.478  9885  
6288.488  9888  
6288.5  9893  
6288.51  9897  
6288.52  9900  
6288.532  9901  
6288.542  9900  
6288.554  9900  
6288.564  9900  
6288.576  9900  
6288.586  9900  
6288.598  9899  
6288.608  9899  
6288.618  9899  
6288.63  9900  
6288.64  9901  
6288.652  9900  
6288.662  9899  
6288.674  9901  
6288.684  9902  
6288.694  9903  
6288.706  9901  
6288.716  9900  
6288.728  9900  
6288.738  9899  
6288.75  9898  
6288.76  9898  
6288.77  9896  
6288.782  9892  
6288.792  9890  
6288.804  9887  
6288.814  9884  
6288.826  9880  
6288.836  9878  
6288.848  9878  
6288.858  9881  
6288.868  9884  
6288.88  9890  
6288.89  9893  
6288.902  9895  
6288.912  9896  
6288.924  9894  
6288.934  9894  
6288.944  9895  
6288.956  9896  
6288.966  9897  
6288.978  9896  
6288.988  9896  
6289.0  9896  
6289.01  9896  
6289.02  9895  
6289.032  9895  
6289.042  9894  
6289.054  9893  
6289.064  9892  
6289.076  9890  
6289.086  9887  
6289.098  9880  
6289.108  9871  
6289.118  9858  
6289.13  9847  
6289.14  9846  
6289.152  9853  
6289.162  9862  
6289.174  9871  
6289.184  9878  
6289.194  9882  
6289.206  9882  
6289.216  9883  
6289.228  9882  
6289.238  9879  
6289.25  9873  
6289.26  9867  
6289.27  9860  
6289.282  9852  
6289.292  9839  
6289.304  9816  
6289.314  9790  
6289.326  9735  
6289.336  9682  
6289.348  9511  
6289.358  9179  
6289.368  8310  
6289.38  6286  
6289.39  6159  
6289.402  8098  
6289.412  9058  
6289.424  9466  
6289.434  9595  
6289.444  9665  
6289.456  9718  
6289.466  9749  
6289.478  9775  
6289.488  9790  
6289.5  9803  
6289.51  9812  
6289.52  9822  
6289.532  9834  
6289.542  9844  
6289.554  9854  
6289.564  9862  
6289.576  9868  
6289.586  9870  
6289.598  9874  
6289.608  9878  
6289.618  9881  
6289.63  9884  
6289.64  9887  
6289.652  9889  
6289.662  9892  
6289.674  9891  
6289.684  9891  
6289.694  9892  
6289.706  9890  
6289.716  9889  
6289.728  9892  
6289.738  9894  
6289.75  9895  
6289.76  9895  
6289.77  9893  
6289.782  9891  
6289.792  9890  
6289.804  9886  
6289.814  9885  
6289.826  9882  
6289.836  9880  
6289.848  9879  
6289.858  9878  
6289.868  9877  
6289.88  9877  
6289.89  9877  
6289.902  9877  
6289.912  9879  
6289.924  9879  
6289.934  9881  
6289.944  9882  
6289.956  9883  
6289.966  9884  
6289.978  9885  
6289.988  9883  
6290.0  9880  
6290.01  9878  
6290.02  9876  
6290.032  9874  
6290.042  9873  
6290.054  9870  
6290.064  9867  
6290.076  9860  
6290.086  9853  
6290.098  9842  
6290.108  9829  
6290.118  9810  
6290.13  9778  
6290.14  9739  
6290.152  9669  
6290.162  9577  
6290.174  9334  
6290.184  8864  
6290.194  7627  
6290.206  5038  
6290.216  5045  
6290.228  7499  
6290.238  8756  
6290.25  9337  
6290.26  9541  
6290.27  9646  
6290.282  9722  
6290.292  9748  
6290.304  9775  
6290.314  9791  
6290.326  9807  
6290.336  9816  
6290.348  9823  
6290.358  9828  
6290.368  9832  
6290.38  9836  
6290.39  9842  
6290.402  9848  
6290.412  9852  
6290.424  9855  
6290.434  9853  
6290.444  9850  
6290.456  9839  
6290.466  9824  
6290.478  9797  
6290.488  9763  
6290.5  9707  
6290.51  9643  
6290.52  9574  
6290.532  9500  
6290.542  9464  
6290.554  9470  
6290.564  9512  
6290.576  9580  
6290.586  9641  
6290.598  9700  
6290.608  9732  
6290.618  9753  
6290.63  9764  
6290.64  9770  
6290.652  9774  
6290.662  9777  
6290.674  9780  
6290.684  9783  
6290.694  9787  
6290.706  9791  
6290.716  9793  
6290.728  9794  
6290.738  9792  
6290.75  9788  
6290.76  9780  
6290.77  9769  
6290.782  9751  
6290.792  9731  
6290.804  9696  
6290.814  9662  
6290.826  9611  
6290.836  9558  
6290.848  9471  
6290.858  9372  
6290.868  9225  
6290.88  8949  
6290.89  8637  
6290.902  8115  
6290.912  7589  
6290.924  6863  
6290.934  6251  
6290.944  5655  
6290.956  5089  
6290.966  4813  
6290.978  4823  
6290.988  5131  
6291.0  5783  
6291.01  6447  
6291.02  7016  
6291.032  7559  
6291.042  7868  
6291.054  8133  
6291.064  8313  
6291.076  8528  
6291.086  8709  
6291.098  8954  
6291.108  9145  
6291.118  9300  
6291.13  9457  
6291.14  9549  
6291.152  9632  
6291.162  9680  
6291.174  9720  
6291.184  9747  
6291.194  9765  
6291.206  9781  
6291.216  9789  
6291.228  9796  
6291.238  9802  
6291.25  9810  
6291.26  9816  
6291.27  9820  
6291.282  9825  
6291.292  9829  
6291.304  9834  
6291.314  9838  
6291.326  9840  
6291.336  9843  
6291.348  9845  
6291.358  9848  
6291.368  9850  
6291.38  9853  
6291.39  9855  
6291.402  9855  
6291.412  9854  
6291.424  9854  
6291.434  9856  
6291.444  9858  
6291.456  9860  
6291.466  9862  
6291.478  9863  
6291.488  9863  
6291.5  9864  
6291.51  9863  
6291.52  9863  
6291.532  9860  
6291.542  9860  
6291.554  9859  
6291.564  9860  
6291.576  9860  
6291.586  9863  
6291.598  9863  
6291.608  9865  
6291.618  9864  
6291.63  9865  
6291.64  9865  
6291.652  9866  
6291.662  9865  
6291.674  9861  
6291.684  9856  
6291.694  9849  
6291.706  9843  
6291.716  9838  
6291.728  9835  
6291.738  9832  
6291.75  9831  
6291.76  9829  
6291.77  9828  
6291.782  9826  
6291.792  9824  
6291.804  9824  
6291.814  9824  
6291.826  9822  
6291.836  9823  
6291.848  9822  
6291.858  9823  
6291.868  9823  
6291.88  9824  
6291.89  9825  
6291.902  9823  
6291.912  9823  
6291.924  9821  
6291.934  9822  
6291.944  9824  
6291.956  9828  
6291.966  9829  
6291.978  9833  
6291.988  9835  
6292.0  9839  
6292.01  9840  
6292.02  9839  
6292.032  9836  
6292.042  9832  
6292.054  9823  
6292.064  9809  
6292.076  9782  
6292.086  9749  
6292.098  9684  
6292.108  9604  
6292.118  9455  
6292.13  9052  
6292.14  8145  
6292.152  5718  
6292.162  4537  
6292.174  6608  
6292.184  8314  
6292.194  9119  
6292.206  9480  
6292.216  9614  
6292.228  9699  
6292.238  9746  
6292.25  9784  
6292.26  9806  
6292.27  9822  
6292.282  9835  
6292.292  9843  
6292.304  9851  
6292.314  9856  
6292.326  9860  
6292.336  9863  
6292.348  9864  
6292.358  9866  
6292.368  9867  
6292.38  9869  
6292.39  9870  
6292.402  9870  
6292.412  9871  
6292.424  9872  
6292.434  9874  
6292.444  9877  
6292.456  9878  
6292.466  9878  
6292.478  9876  
6292.488  9874  
6292.5  9874  
6292.51  9874  
6292.52  9873  
6292.532  9868  
6292.542  9860  
6292.554  9846  
6292.564  9829  
6292.576  9797  
6292.586  9765  
6292.598  9727  
6292.608  9703  
6292.618  9720  
6292.63  9762  
6292.64  9791  
6292.652  9820  
6292.662  9835  
6292.674  9846  
6292.684  9850  
6292.694  9852  
6292.706  9852  
6292.716  9846  
6292.728  9832  
6292.738  9811  
6292.75  9775  
6292.76  9729  
6292.77  9664  
6292.782  9550  
6292.792  9421  
6292.804  9216  
6292.814  9040  
6292.826  8877  
6292.836  8814  
6292.848  8822  
6292.858  8910  
6292.868  9040  
6292.88  9202  
6292.89  9296  
6292.902  9315  
6292.912  9208  
6292.924  8773  
6292.934  7712  
6292.944  5484  
6292.956  3716  
6292.966  5488  
6292.978  7964  
6292.988  8893  
6293.0  9349  
6293.01  9523  
6293.02  9630  
6293.032  9705  
6293.042  9747  
6293.054  9783  
6293.064  9806  
6293.076  9827  
6293.086  9841  
6293.098  9854  
6293.108  9863  
6293.118  9872  
6293.13  9879  
6293.14  9883  
6293.152  9886  
6293.162  9886  
6293.174  9886  
6293.184  9887  
6293.194  9888  
6293.206  9887  
6293.216  9886  
6293.228  9880  
6293.238  9873  
6293.25  9862  
6293.26  9852  
6293.27  9843  
6293.282  9837  
6293.292  9835  
6293.304  9839  
6293.314  9845  
6293.326  9853  
6293.336  9861  
6293.348  9867  
6293.358  9868  
6293.368  9865  
6293.38  9858  
6293.39  9852  
6293.402  9847  
6293.412  9845  
6293.424  9846  
6293.434  9852  
6293.444  9859  
6293.456  9871  
6293.466  9879  
6293.478  9886  
6293.488  9890  
6293.5  9893  
6293.51  9894  
6293.52  9893  
6293.532  9889  
6293.542  9883  
6293.554  9872  
6293.564  9860  
6293.576  9843  
6293.586  9829  
6293.598  9816  
6293.608  9808  
6293.618  9806  
6293.63  9811  
6293.64  9821  
6293.652  9834  
6293.662  9845  
6293.674  9857  
6293.684  9863  
6293.694  9866  
6293.706  9865  
6293.716  9860  
6293.728  9848  
6293.738  9833  
6293.75  9812  
6293.76  9794  
6293.77  9779  
6293.782  9766  
6293.792  9760  
6293.804  9757  
6293.814  9755  
6293.826  9749  
6293.836  9737  
6293.848  9702  
6293.858  9647  
6293.868  9548  
6293.88  9395  
6293.89  9227  
6293.902  9016  
6293.912  8861  
6293.924  8721  
6293.934  8705  
6293.944  8780  
6293.956  8934  
6293.966  9105  
6293.978  9302  
6293.988  9444  
6294.0  9582  
6294.01  9662  
6294.02  9719  
6294.032  9765  
6294.042  9793  
6294.054  9815  
6294.064  9824  
6294.076  9830  
6294.086  9832  
6294.098  9832  
6294.108  9833  
6294.118  9834  
6294.13  9840  
6294.14  9846  
6294.152  9856  
6294.162  9863  
6294.174  9870  
6294.184  9876  
6294.194  9880  
6294.206  9886  
6294.216  9890  
6294.228  9894  
6294.238  9896  
6294.25  9897  
6294.26  9898  
6294.27  9898  
6294.282  9898  
6294.292  9899  
6294.304  9900  
6294.314  9899  
6294.326  9900  
6294.336  9901  
6294.348  9903  
6294.358  9904  
6294.368  9904  
6294.38  9904  
6294.39  9904  
6294.402  9904  
6294.412  9902  
6294.424  9901  
6294.434  9900  
6294.444  9898  
6294.456  9896  
6294.466  9893  
6294.478  9889  
6294.488  9884  
6294.5  9876  
6294.51  9871  
6294.52  9868  
6294.532  9868  
6294.542  9870  
6294.554  9871  
6294.564  9870  
6294.576  9867  
6294.586  9864  
6294.598  9858  
6294.608  9850  
6294.618  9837  
6294.63  9818  
6294.64  9802  
6294.652  9807  
6294.662  9826  
6294.674  9850  
6294.684  9865  
6294.694  9873  
6294.706  9878  
6294.716  9880  
6294.728  9882  
6294.738  9885  
6294.75  9890  
6294.76  9895  
6294.77  9899  
6294.782  9901  
6294.792  9901  
6294.804  9901  
6294.814  9899  
6294.826  9898  
6294.836  9898  
6294.848  9899  
6294.858  9900  
6294.868  9900  
6294.88  9899  
6294.89  9898  
6294.902  9897  
6294.912  9897  
6294.924  9896  
6294.934  9893  
6294.944  9890  
6294.956  9887  
6294.966  9884  
6294.978  9880  
6294.988  9877  
6295.0  9872  
6295.01  9869  
6295.02  9864  
6295.032  9855  
6295.042  9845  
6295.054  9826  
6295.064  9806  
6295.076  9775  
6295.086  9741  
6295.098  9690  
6295.108  9618  
6295.118  9522  
6295.13  9285  
6295.14  8814  
6295.152  7212  
6295.162  4760  
6295.174  4468  
6295.184  6801  
6295.194  8399  
6295.206  9152  
6295.216  9406  
6295.228  9538  
6295.238  9605  
6295.25  9657  
6295.26  9692  
6295.27  9722  
6295.282  9756  
6295.292  9783  
6295.304  9814  
6295.314  9835  
6295.326  9855  
6295.336  9867  
6295.348  9877  
6295.358  9881  
6295.368  9884  
6295.38  9886  
6295.39  9890  
6295.402  9894  
6295.412  9895  
6295.424  9895  
6295.434  9896  
6295.444  9897  
6295.456  9900  
6295.466  9903  
6295.478  9905  
6295.488  9905  
6295.5  9904  
6295.51  9903  
6295.52  9902  
6295.532  9904  
6295.542  9905  
6295.554  9904  
6295.564  9902  
6295.576  9898  
6295.586  9895  
6295.598  9895  
6295.608  9896  
6295.618  9896  
6295.63  9897  
6295.64  9898  
6295.652  9899  
6295.662  9899  
6295.674  9899  
6295.684  9898  
6295.694  9897  
6295.706  9895  
6295.716  9892  
6295.728  9890  
6295.738  9888  
6295.75  9884  
6295.76  9881  
6295.77  9876  
6295.782  9869  
6295.792  9862  
6295.804  9854  
6295.814  9845  
6295.826  9834  
6295.836  9822  
6295.848  9802  
6295.858  9778  
6295.868  9745  
6295.88  9685  
6295.89  9610  
6295.902  9448  
6295.912  9173  
6295.924  8388  
6295.934  6645  
6295.944  4033  
6295.956  4062  
6295.966  6579  
6295.978  8491  
6295.988  9107  
6296.0  9435  
6296.01  9566  
6296.02  9636  
6296.032  9681  
6296.042  9705  
6296.054  9722  
6296.064  9728  
6296.076  9732  
6296.086  9734  
6296.098  9735  
6296.108  9736  
6296.118  9738  
6296.13  9742  
6296.14  9744  
6296.152  9748  
6296.162  9753  
6296.174  9762  
6296.184  9775  
6296.194  9790  
6296.206  9812  
6296.216  9832  
6296.228  9854  
6296.238  9867  
6296.25  9878  
6296.26  9882  
6296.27  9883  
6296.282  9880  
6296.292  9877  
6296.304  9867  
6296.314  9854  
6296.326  9833  
6296.336  9809  
6296.348  9773  
6296.358  9738  
6296.368  9705  
6296.38  9673  
6296.39  9655  
6296.402  9644  
6296.412  9637  
6296.424  9620  
6296.434  9592  
6296.444  9549  
6296.456  9458  
6296.466  9354  
6296.478  9223  
6296.488  9142  
6296.5  9112  
6296.51  9161  
6296.52  9254  
6296.532  9413  
6296.542  9537  
6296.554  9653  
6296.564  9719  
6296.576  9772  
6296.586  9797  
6296.598  9805  
6296.608  9798  
6296.618  9783  
6296.63  9769  
6296.64  9760  
6296.652  9760  
6296.662  9768  
6296.674  9789  
6296.684  9812  
6296.694  9834  
6296.706  9857  
6296.716  9869  
6296.728  9878  
6296.738  9882  
6296.75  9884  
6296.76  9884  
6296.77  9884  
6296.782  9885  
6296.792  9886  
6296.804  9888  
6296.814  9889  
6296.826  9888  
6296.836  9886  
6296.848  9881  
6296.858  9880  
6296.868  9880  
6296.88  9884  
6296.89  9887  
6296.902  9893  
6296.912  9896  
6296.924  9900  
6296.934  9900  
6296.944  9900  
6296.956  9899  
6296.966  9898  
6296.978  9895  
6296.988  9891  
6297.0  9886  
6297.01  9881  
6297.02  9875  
6297.032  9869  
6297.042  9866  
6297.054  9862  
6297.064  9861  
6297.076  9861  
6297.086  9863  
6297.098  9870  
6297.108  9876  
6297.118  9881  
6297.13  9887  
6297.14  9891  
6297.152  9896  
6297.162  9899  
6297.174  9897  
6297.184  9892  
6297.194  9881  
6297.206  9863  
6297.216  9842  
6297.228  9811  
6297.238  9782  
6297.25  9760  
6297.26  9765  
6297.27  9793  
6297.282  9825  
6297.292  9848  
6297.304  9867  
6297.314  9877  
6297.326  9886  
6297.336  9891  
6297.348  9896  
6297.358  9898  
6297.368  9899  
6297.38  9900  
6297.39  9899  
6297.402  9895  
6297.412  9892  
6297.424  9885  
6297.434  9879  
6297.444  9874  
6297.456  9871  
6297.466  9872  
6297.478  9877  
6297.488  9882  
6297.5  9890  
6297.51  9895  
6297.52  9899  
6297.532  9901  
6297.542  9902  
6297.554  9900  
6297.564  9897  
6297.576  9892  
6297.586  9887  
6297.598  9883  
6297.608  9876  
6297.618  9869  
6297.63  9859  
6297.64  9844  
6297.652  9816  
6297.662  9776  
6297.674  9709  
6297.684  9628  
6297.694  9496  
6297.706  9202  
6297.716  8799  
6297.728  8135  
6297.738  7394  
6297.75  6380  
6297.76  5495  
6297.77  4688  
6297.782  3938  
6297.792  3591  
6297.804  3480  
6297.814  3707  
6297.826  4436  
6297.836  5351  
6297.848  6551  
6297.858  7461  
6297.868  8135  
6297.88  8705  
6297.89  9029  
6297.902  9291  
6297.912  9434  
6297.924  9554  
6297.934  9622  
6297.944  9673  
6297.956  9720  
6297.966  9751  
6297.978  9782  
6297.988  9802  
6298.0  9820  
6298.01  9829  
6298.02  9831  
6298.032  9828  
6298.042  9820  
6298.054  9806  
6298.064  9788  
6298.076  9763  
6298.086  9743  
6298.098  9727  
6298.108  9722  
6298.118  9725  
6298.13  9743  
6298.14  9766  
6298.152  9795  
6298.162  9816  
6298.174  9837  
6298.184  9849  
6298.194  9857  
6298.206  9862  
6298.216  9862  
6298.228  9862  
6298.238  9860  
6298.25  9857  
6298.26  9856  
6298.27  9858  
6298.282  9859  
6298.292  9861  
6298.304  9861  
6298.314  9857  
6298.326  9850  
6298.336  9837  
6298.348  9813  
6298.358  9785  
6298.368  9748  
6298.38  9691  
6298.39  9611  
6298.402  9424  
6298.412  9087  
6298.424  7904  
6298.434  5683  
6298.444  4045  
6298.456  6087  
6298.466  8059  
6298.478  9082  
6298.488  9416  
6298.5  9608  
6298.51  9687  
6298.52  9743  
6298.532  9787  
6298.542  9814  
6298.554  9836  
6298.564  9851  
6298.576  9866  
6298.586  9875  
6298.598  9882  
6298.608  9885  
6298.618  9887  
6298.63  9889  
6298.64  9890  
6298.652  9891  
6298.662  9891  
6298.674  9890  
6298.684  9888  
6298.694  9886  
6298.706  9882  
6298.716  9878  
6298.728  9872  
6298.738  9868  
6298.75  9865  
6298.76  9863  
6298.77  9861  
6298.782  9859  
6298.792  9856  
6298.804  9854  
6298.814  9851  
6298.826  9848  
6298.836  9846  
6298.848  9840  
6298.858  9833  
6298.868  9827  
6298.88  9820  
6298.89  9815  
6298.902  9812  
6298.912  9810  
6298.924  9808  
6298.934  9806  
6298.944  9804  
6298.956  9802  
6298.966  9801  
6298.978  9802  
6298.988  9802  
6299.0  9804  
6299.01  9807  
6299.02  9812  
6299.032  9814  
6299.042  9813  
6299.054  9811  
6299.064  9806  
6299.076  9799  
6299.086  9791  
6299.098  9778  
6299.108  9763  
6299.118  9740  
6299.13  9701  
6299.14  9657  
6299.152  9578  
6299.162  9476  
6299.174  9228  
6299.184  8840  
6299.194  7849  
6299.206  5117  
6299.216  3563  
6299.228  5783  
6299.238  7769  
6299.25  8870  
6299.26  9216  
6299.27  9390  
6299.282  9505  
6299.292  9560  
6299.304  9600  
6299.314  9621  
6299.326  9635  
6299.336  9640  
6299.348  9640  
6299.358  9637  
6299.368  9630  
6299.38  9616  
6299.39  9599  
6299.402  9579  
6299.412  9558  
6299.424  9526  
6299.434  9494  
6299.444  9452  
6299.456  9391  
6299.466  9331  
6299.478  9249  
6299.488  9170  
6299.5  9053  
6299.51  8940  
6299.52  8819  
6299.532  8641  
6299.542  8477  
6299.554  8267  
6299.564  8114  
6299.576  7943  
6299.586  7852  
6299.598  7821  
6299.608  7875  
6299.618  7989  
6299.63  8204  
6299.64  8414  
6299.652  8670  
6299.662  8861  
6299.674  9057  
6299.684  9187  
6299.694  9298  
6299.706  9404  
6299.716  9475  
6299.728  9547  
6299.738  9597  
6299.75  9648  
6299.76  9681  
6299.77  9708  
6299.782  9735  
6299.792  9753  
6299.804  9771  
6299.814  9783  
6299.826  9796  
6299.836  9805  
6299.848  9813  
6299.858  9819  
6299.868  9825  
6299.88  9830  
6299.89  9834  
6299.902  9839  
6299.912  9841  
6299.924  9846  
6299.934  9850  
6299.944  9856  
6299.956  9861  
6299.966  9863  
6299.978  9865  
6299.988  9866  
6300.0  9867  
6300.01  9869  
6300.02  9871  
6300.032  9874  
6300.042  9876  
6300.054  9881  
6300.064  9883  
6300.076  9885  
6300.086  9886  
6300.098  9887  
6300.108  9887  
6300.118  9888  
6300.13  9890  
6300.14  9892  
6300.152  9894  
6300.162  9895  
6300.174  9894  
6300.184  9890  
6300.194  9884  
6300.206  9872  
6300.216  9856  
6300.228  9828  
6300.238  9798  
6300.25  9759  
6300.26  9722  
6300.27  9677  
6300.282  9622  
6300.292  9582  
6300.304  9545  
6300.314  9527  
6300.326  9527  
6300.336  9545  
6300.348  9583  
6300.358  9629  
6300.368  9679  
6300.38  9735  
6300.39  9775  
6300.402  9809  
6300.412  9832  
6300.424  9852  
6300.434  9865  
6300.444  9876  
6300.456  9884  
6300.466  9890  
6300.478  9893  
6300.488  9894  
6300.5  9893  
6300.51  9891  
6300.52  9890  
6300.532  9891  
6300.542  9893  
6300.554  9893  
6300.564  9890  
6300.576  9881  
6300.586  9867  
6300.598  9839  
6300.608  9806  
6300.618  9751  
6300.63  9672  
6300.64  9595  
6300.652  9490  
6300.662  9408  
6300.674  9352  
6300.684  9338  
6300.694  9357  
6300.706  9424  
6300.716  9502  
6300.728  9602  
6300.738  9674  
6300.75  9741  
6300.76  9787  
6300.77  9818  
6300.782  9845  
6300.792  9861  
6300.804  9873  
6300.814  9881  
6300.826  9886  
6300.836  9888  
6300.848  9888  
6300.858  9888  
6300.868  9888  
6300.88  9887  
6300.89  9885  
6300.902  9880  
6300.912  9875  
6300.924  9868  
6300.934  9863  
6300.944  9858  
6300.956  9851  
6300.966  9846  
6300.978  9839  
6300.988  9835  
6301.0  9832  
6301.01  9833  
6301.02  9835  
6301.032  9835  
6301.042  9834  
6301.054  9832  
6301.064  9831  
6301.076  9831  
6301.086  9829  
6301.098  9826  
6301.108  9820  
6301.118  9813  
6301.13  9804  
6301.14  9796  
6301.152  9786  
6301.162  9778  
6301.174  9767  
6301.184  9756  
6301.194  9743  
6301.206  9724  
6301.216  9706  
6301.228  9680  
6301.238  9657  
6301.25  9627  
6301.26  9601  
6301.27  9569  
6301.282  9525  
6301.292  9480  
6301.304  9417  
6301.314  9350  
6301.326  9256  
6301.336  9163  
6301.348  9037  
6301.358  8898  
6301.368  8711  
6301.38  8440  
6301.39  8165  
6301.402  7735  
6301.412  7326  
6301.424  6709  
6301.434  6166  
6301.444  5557  
6301.456  4800  
6301.466  4141  
6301.478  3490  
6301.488  3107  
6301.5  2838  
6301.51  2778  
6301.52  2849  
6301.532  3206  
6301.542  3746  
6301.554  4650  
6301.564  5452  
6301.576  6311  
6301.586  6912  
6301.598  7466  
6301.608  7821  
6301.618  8132  
6301.63  8425  
6301.64  8627  
6301.652  8831  
6301.662  8965  
6301.674  9100  
6301.684  9196  
6301.694  9277  
6301.706  9357  
6301.716  9409  
6301.728  9464  
6301.738  9501  
6301.75  9539  
6301.76  9565  
6301.77  9588  
6301.782  9614  
6301.792  9630  
6301.804  9642  
6301.814  9647  
6301.826  9647  
6301.836  9640  
6301.848  9630  
6301.858  9625  
6301.868  9623  
6301.88  9627  
6301.89  9633  
6301.902  9640  
6301.912  9639  
6301.924  9621  
6301.934  9554  
6301.944  9433  
6301.956  9093  
6301.966  8276  
6301.978  5992  
6301.988  4725  
6302.0  6629  
6302.01  8322  
6302.02  9098  
6302.032  9457  
6302.042  9577  
6302.054  9655  
6302.064  9696  
6302.076  9731  
6302.086  9751  
6302.098  9768  
6302.108  9778  
6302.118  9784  
6302.13  9791  
6302.14  9797  
6302.152  9804  
6302.162  9809  
6302.174  9812  
6302.184  9814  
6302.194  9814  
6302.206  9813  
6302.216  9811  
6302.228  9806  
6302.238  9800  
6302.25  9792  
6302.26  9783  
6302.27  9773  
6302.282  9758  
6302.292  9742  
6302.304  9718  
6302.314  9694  
6302.326  9657  
6302.336  9620  
6302.348  9559  
6302.358  9488  
6302.368  9401  
6302.38  9246  
6302.39  9044  
6302.402  8703  
6302.412  8338  
6302.424  7729  
6302.434  7120  
6302.444  6434  
6302.456  5559  
6302.466  4844  
6302.478  4111  
6302.488  3698  
6302.5  3454  
6302.51  3511  
6302.52  3842  
6302.532  4620  
6302.542  5481  
6302.554  6511  
6302.564  7252  
6302.576  7935  
6302.586  8349  
6302.598  8715  
6302.608  8958  
6302.618  9123  
6302.63  9275  
6302.64  9374  
6302.652  9458  
6302.662  9505  
6302.674  9535  
6302.684  9531  
6302.694  9489  
6302.706  9379  
6302.716  9160  
6302.728  8446  
6302.738  6847  
6302.75  4527  
6302.76  5272  
6302.77  7411  
6302.782  8866  
6302.792  9302  
6302.804  9533  
6302.814  9634  
6302.826  9709  
6302.836  9747  
6302.848  9781  
6302.858  9800  
6302.868  9813  
6302.88  9826  
6302.89  9835  
6302.902  9845  
6302.912  9852  
6302.924  9857  
6302.934  9860  
6302.944  9862  
6302.956  9866  
6302.966  9870  
6302.978  9875  
6302.988  9881  
6303.0  9886  
6303.01  9889  
6303.02  9892  
6303.032  9895  
6303.042  9896  
6303.054  9896  
6303.064  9895  
6303.076  9894  
6303.086  9895  
6303.098  9897  
6303.108  9898  
6303.118  9899  
6303.13  9900  
6303.14  9900  
6303.152  9898  
6303.162  9898  
6303.174  9900  
6303.184  9902  
6303.194  9904  
6303.206  9904  
6303.216  9903  
6303.228  9901  
6303.238  9902  
6303.25  9902  
6303.26  9903  
6303.27  9904  
6303.282  9902  
6303.292  9899  
6303.304  9894  
6303.314  9889  
6303.326  9882  
6303.336  9876  
6303.348  9868  
6303.358  9858  
6303.368  9845  
6303.38  9826  
6303.39  9803  
6303.402  9766  
6303.412  9726  
6303.424  9660  
6303.434  9596  
6303.444  9529  
6303.456  9475  
6303.466  9463  
6303.478  9486  
6303.488  9533  
6303.5  9610  
6303.51  9673  
6303.52  9728  
6303.532  9781  
6303.542  9814  
6303.554  9845  
6303.564  9863  
6303.576  9878  
6303.586  9886  
6303.598  9892  
6303.608  9895  
6303.618  9897  
6303.63  9896  
6303.64  9891  
6303.652  9881  
6303.662  9867  
6303.674  9841  
6303.684  9811  
6303.694  9771  
6303.706  9701  
6303.716  9613  
6303.728  9476  
6303.738  9355  
6303.75  9231  
6303.76  9171  
6303.77  9175  
6303.782  9258  
6303.792  9362  
6303.804  9504  
6303.814  9609  
6303.826  9702  
6303.836  9759  
6303.848  9804  
6303.858  9833  
6303.868  9855  
6303.88  9875  
6303.89  9886  
6303.902  9893  
6303.912  9896  
6303.924  9900  
6303.934  9904  
6303.944  9907  
6303.956  9909  
6303.966  9907  
6303.978  9903  
6303.988  9900  
6304.0  9896  
6304.01  9895  
6304.02  9894  
6304.032  9893  
6304.042  9893  
6304.054  9892  
6304.064  9891  
6304.076  9890  
6304.086  9889  
6304.098  9884  
6304.108  9879  
6304.118  9873  
6304.13  9864  
6304.14  9859  
6304.152  9854  
6304.162  9851  
6304.174  9851  
6304.184  9853  
6304.194  9854  
6304.206  9854  
6304.216  9851  
6304.228  9843  
6304.238  9831  
6304.25  9808  
6304.26  9782  
6304.27  9753  
6304.282  9711  
6304.292  9673  
6304.304  9623  
6304.314  9590  
6304.326  9561  
6304.336  9548  
6304.348  9549  
6304.358  9563  
6304.368  9585  
6304.38  9624  
6304.39  9656  
6304.402  9700  
6304.412  9734  
6304.424  9770  
6304.434  9796  
6304.444  9818  
6304.456  9839  
6304.466  9852  
6304.478  9864  
6304.488  9872  
6304.5  9879  
6304.51  9884  
6304.52  9889  
6304.532  9895  
6304.542  9899  
6304.554  9904  
6304.564  9905  
6304.576  9906  
6304.586  9907  
6304.598  9908  
6304.608  9908  
6304.618  9910  
6304.63  9911  
6304.64  9912  
6304.652  9912  
6304.662  9913  
6304.674  9913  
6304.684  9912  
6304.694  9908  
6304.706  9904  
6304.716  9900  
6304.728  9892  
6304.738  9883  
6304.75  9869  
6304.76  9856  
6304.77  9845  
6304.782  9838  
6304.792  9838  
6304.804  9842  
6304.814  9849  
6304.826  9859  
6304.836  9868  
6304.848  9880  
6304.858  9887  
6304.868  9893  
6304.88  9897  
6304.89  9899  
6304.902  9900  
6304.912  9900  
6304.924  9901  
6304.934  9902  
6304.944  9903  
6304.956  9907  
6304.966  9908  
6304.978  9909  
6304.988  9909  
6305.0  9908  
6305.01  9907  
6305.02  9905  
6305.032  9904  
6305.042  9903  
6305.054  9902  
6305.064  9899  
6305.076  9894  
6305.086  9890  
6305.098  9886  
6305.108  9881  
6305.118  9876  
6305.13  9870  
6305.14  9866  
6305.152  9863  
6305.162  9861  
6305.174  9857  
6305.184  9852  
6305.194  9842  
6305.206  9823  
6305.216  9803  
6305.228  9768  
6305.238  9733  
6305.25  9678  
6305.26  9627  
6305.27  9582  
6305.282  9536  
6305.292  9526  
6305.304  9535  
6305.314  9558  
6305.326  9599  
6305.336  9633  
6305.348  9669  
6305.358  9696  
6305.368  9721  
6305.38  9750  
6305.39  9773  
6305.402  9799  
6305.412  9819  
6305.424  9839  
6305.434  9852  
6305.444  9861  
6305.456  9865  
6305.466  9866  
6305.478  9865  
6305.488  9864  
6305.5  9866  
6305.51  9869  
6305.52  9873  
6305.532  9875  
6305.542  9873  
6305.554  9864  
6305.564  9849  
6305.576  9820  
6305.586  9786  
6305.598  9749  
6305.608  9720  
6305.618  9696  
6305.63  9675  
6305.64  9663  
6305.652  9655  
6305.662  9651  
6305.674  9648  
6305.684  9648  
6305.694  9649  
6305.706  9650  
6305.716  9649  
6305.728  9640  
6305.738  9620  
6305.75  9574  
6305.76  9516  
6305.77  9407  
6305.782  8931  
6305.792  7714  
6305.804  5748  
6305.814  6293  
6305.826  8324  
6305.836  9195  
6305.848  9573  
6305.858  9700  
6305.868  9766  
6305.88  9813  
6305.89  9841  
6305.902  9861  
6305.912  9872  
6305.924  9879  
6305.934  9884  
6305.944  9887  
6305.956  9889  
6305.966  9887  
6305.978  9884  
6305.988  9881  
6306.0  9877  
6306.01  9874  
6306.02  9872  
6306.032  9875  
6306.042  9878  
6306.054  9883  
6306.064  9887  
6306.076  9891  
6306.086  9894  
6306.098  9894  
6306.108  9893  
6306.118  9892  
6306.13  9890  
6306.14  9889  
6306.152  9886  
6306.162  9883  
6306.174  9879  
6306.184  9875  
6306.194  9870  
6306.206  9866  
6306.216  9866  
6306.228  9871  
6306.238  9879  
6306.25  9888  
6306.26  9895  
6306.27  9900  
6306.282  9903  
6306.292  9903  
6306.304  9904  
6306.314  9903  
6306.326  9900  
6306.336  9896  
6306.348  9891  
6306.358  9887  
6306.368  9884  
6306.38  9882  
6306.39  9883  
6306.402  9884  
6306.412  9883  
6306.424  9877  
6306.434  9870  
6306.444  9861  
6306.456  9847  
6306.466  9835  
6306.478  9818  
6306.488  9804  
6306.5  9783  
6306.51  9728  
6306.52  9640  
6306.532  9386  
6306.542  8851  
6306.554  7017  
6306.564  5413  
6306.576  6649  
6306.586  8370  
6306.598  9270  
6306.608  9552  
6306.618  9679  
6306.63  9760  
6306.64  9800  
6306.652  9833  
6306.662  9851  
6306.674  9864  
6306.684  9872  
6306.694  9879  
6306.706  9886  
6306.716  9887  
6306.728  9890  
6306.738  9891  
6306.75  9892  
6306.76  9892  
6306.77  9891  
6306.782  9887  
6306.792  9884  
6306.804  9879  
6306.814  9875  
6306.826  9872  
6306.836  9872  
6306.848  9875  
6306.858  9879  
6306.868  9884  
6306.88  9891  
6306.89  9896  
6306.902  9899  
6306.912  9900  
6306.924  9900  
6306.934  9900  
6306.944  9899  
6306.956  9896  
6306.966  9892  
6306.978  9886  
6306.988  9880  
6307.0  9873  
6307.01  9869  
6307.02  9867  
6307.032  9866  
6307.042  9867  
6307.054  9871  
6307.064  9873  
6307.076  9875  
6307.086  9877  
6307.098  9879  
6307.108  9883  
6307.118  9888  
6307.13  9893  
6307.14  9895  
6307.152  9895  
6307.162  9892  
6307.174  9889  
6307.184  9888  
6307.194  9888  
6307.206  9891  
6307.216  9894  
6307.228  9899  
6307.238  9903  
6307.25  9906  
6307.26  9906  
6307.27  9903  
6307.282  9900  
6307.292  9900  
6307.304  9902  
6307.314  9905  
6307.326  9909  
6307.336  9911  
6307.348  9912  
6307.358  9911  
6307.368  9909  
6307.38  9908  
6307.39  9907  
6307.402  9906  
6307.412  9904  
6307.424  9898  
6307.434  9892  
6307.444  9888  
6307.456  9883  
6307.466  9878  
6307.478  9865  
6307.488  9848  
6307.5  9822  
6307.51  9800  
6307.52  9781  
6307.532  9764  
6307.542  9756  
6307.554  9755  
6307.564  9761  
6307.576  9774  
6307.586  9787  
6307.598  9804  
6307.608  9819  
6307.618  9833  
6307.63  9846  
6307.64  9851  
6307.652  9855  
6307.662  9859  
6307.674  9862  
6307.684  9865  
6307.694  9868  
6307.706  9874  
6307.716  9880  
6307.728  9887  
6307.738  9891  
6307.75  9894  
6307.76  9894  
6307.77  9890  
6307.782  9879  
6307.792  9862  
6307.804  9832  
6307.814  9799  
6307.826  9742  
6307.836  9675  
6307.848  9586  
6307.858  9538  
6307.868  9510  
6307.88  9502  
6307.89  9520  
6307.902  9570  
6307.912  9615  
6307.924  9660  
6307.934  9689  
6307.944  9710  
6307.956  9727  
6307.966  9734  
6307.978  9750  
6307.988  9768  
6308.0  9791  
6308.01  9811  
6308.02  9831  
6308.032  9852  
6308.042  9869  
6308.054  9886  
6308.064  9895  
6308.076  9903  
6308.086  9907  
6308.098  9909  
6308.108  9909  
6308.118  9909  
6308.13  9905  
6308.14  9900  
6308.152  9893  
6308.162  9888  
6308.174  9883  
6308.184  9881  
6308.194  9880  
6308.206  9881  
6308.216  9881  
6308.228  9879  
6308.238  9876  
6308.25  9876  
6308.26  9878  
6308.27  9880  
6308.282  9882  
6308.292  9882  
6308.304  9881  
6308.314  9877  
6308.326  9871  
6308.336  9864  
6308.348  9853  
6308.358  9840  
6308.368  9825  
6308.38  9808  
6308.39  9796  
6308.402  9784  
6308.412  9780  
6308.424  9782  
6308.434  9790  
6308.444  9805  
6308.456  9825  
6308.466  9841  
6308.478  9856  
6308.488  9866  
6308.5  9875  
6308.51  9879  
6308.52  9881  
6308.532  9883  
6308.542  9883  
6308.554  9884  
6308.564  9883  
6308.576  9883  
6308.586  9886  
6308.598  9888  
6308.608  9889  
6308.618  9889  
6308.63  9888  
6308.64  9885  
6308.652  9881  
6308.662  9878  
6308.674  9874  
6308.684  9872  
6308.694  9869  
6308.706  9864  
6308.716  9857  
6308.728  9845  
6308.738  9829  
6308.75  9804  
6308.76  9774  
6308.77  9738  
6308.782  9685  
6308.792  9639  
6308.804  9581  
6308.814  9535  
6308.826  9484  
6308.836  9453  
6308.848  9444  
6308.858  9457  
6308.868  9489  
6308.88  9536  
6308.89  9581  
6308.902  9637  
6308.912  9681  
6308.924  9729  
6308.934  9762  
6308.944  9790  
6308.956  9818  
6308.966  9835  
6308.978  9848  
6308.988  9854  
6309.0  9859  
6309.01  9862  
6309.02  9865  
6309.032  9869  
6309.042  9871  
6309.054  9873  
6309.064  9875  
6309.076  9877  
6309.086  9879  
6309.098  9882  
6309.108  9884  
6309.118  9884  
6309.13  9889  
6309.14  9894  
6309.152  9896  
6309.162  9897  
6309.174  9898  
6309.184  9900  
6309.194  9901  
6309.206  9900  
6309.216  9899  
6309.228  9897  
6309.238  9895  
6309.25  9894  
6309.26  9893  
6309.27  9894  
6309.282  9895  
6309.292  9895  
6309.304  9894  
6309.314  9894  
6309.326  9892  
6309.336  9891  
6309.348  9888  
6309.358  9883  
6309.368  9877  
6309.38  9867  
6309.39  9860  
6309.402  9854  
6309.412  9854  
6309.424  9858  
6309.434  9863  
6309.444  9869  
6309.456  9875  
6309.466  9877  
6309.478  9876  
6309.488  9876  
6309.5  9875  
6309.51  9875  
6309.52  9878  
6309.532  9881  
6309.542  9884  
6309.554  9887  
6309.564  9889  
6309.576  9890  
6309.586  9890  
6309.598  9887  
6309.608  9881  
6309.618  9874  
6309.63  9865  
6309.64  9860  
6309.652  9855  
6309.662  9850  
6309.674  9844  
6309.684  9838  
6309.694  9835  
6309.706  9832  
6309.716  9831  
6309.728  9830  
6309.738  9830  
6309.75  9828  
6309.76  9821  
6309.77  9807  
6309.782  9778  
6309.792  9741  
6309.804  9679  
6309.814  9592  
6309.826  9430  
6309.836  9213  
6309.848  8750  
6309.858  7940  
6309.868  6517  
6309.88  5781  
6309.89  6813  
6309.902  8032  
6309.912  8516  
6309.924  8878  
6309.934  9085  
6309.944  9264  
6309.956  9447  
6309.966  9551  
6309.978  9635  
6309.988  9682  
6310.0  9728  
6310.01  9756  
6310.02  9775  
6310.032  9792  
6310.042  9802  
6310.054  9806  
6310.064  9802  
6310.076  9801  
6310.086  9801  
6310.098  9803  
6310.108  9800  
6310.118  9792  
6310.13  9776  
6310.14  9756  
6310.152  9724  
6310.162  9688  
6310.174  9641  
6310.184  9588  
6310.194  9517  
6310.206  9414  
6310.216  9317  
6310.228  9200  
6310.238  9103  
6310.25  8994  
6310.26  8920  
6310.27  8861  
6310.282  8849  
6310.292  8881  
6310.304  8961  
6310.314  9055  
6310.326  9183  
6310.336  9285  
6310.348  9393  
6310.358  9465  
6310.368  9528  
6310.38  9594  
6310.39  9637  
6310.402  9677  
6310.412  9704  
6310.424  9729  
6310.434  9745  
6310.444  9758  
6310.456  9768  
6310.466  9770  
6310.478  9767  
6310.488  9761  
6310.5  9750  
6310.51  9740  
6310.52  9730  
6310.532  9713  
6310.542  9696  
6310.554  9670  
6310.564  9637  
6310.576  9576  
6310.586  9470  
6310.598  9096  
6310.608  8084  
6310.618  6583  
6310.63  6517  
6310.64  7926  
6310.652  9103  
6310.662  9465  
6310.674  9611  
6310.684  9669  
6310.694  9711  
6310.706  9743  
6310.716  9764  
6310.728  9785  
6310.738  9799  
6310.75  9810  
6310.76  9816  
6310.77  9820  
6310.782  9824  
6310.792  9828  
6310.804  9834  
6310.814  9840  
6310.826  9847  
6310.836  9851  
6310.848  9852  
6310.858  9850  
6310.868  9849  
6310.88  9847  
6310.89  9846  
6310.902  9846  
6310.912  9845  
6310.924  9842  
6310.934  9841  
6310.944  9840  
6310.956  9839  
6310.966  9837  
6310.978  9836  
6310.988  9833  
6311.0  9829  
6311.01  9823  
6311.02  9814  
6311.032  9801  
6311.042  9793  
6311.054  9782  
6311.064  9773  
6311.076  9760  
6311.086  9747  
6311.098  9726  
6311.108  9708  
6311.118  9687  
6311.13  9659  
6311.14  9631  
6311.152  9591  
6311.162  9548  
6311.174  9491  
6311.184  9437  
6311.194  9380  
6311.206  9315  
6311.216  9272  
6311.228  9235  
6311.238  9215  
6311.25  9211  
6311.26  9232  
6311.27  9272  
6311.282  9350  
6311.292  9422  
6311.304  9507  
6311.314  9574  
6311.326  9640  
6311.336  9681  
6311.348  9723  
6311.358  9745  
6311.368  9761  
6311.38  9767  
6311.39  9758  
6311.402  9720  
6311.412  9682  
6311.424  9589  
6311.434  9445  
6311.444  9210  
6311.456  8806  
6311.466  8395  
6311.478  7822  
6311.488  7428  
6311.5  7131  
6311.51  7123  
6311.52  7342  
6311.532  7813  
6311.542  8283  
6311.554  8759  
6311.564  9075  
6311.576  9353  
6311.586  9517  
6311.598  9637  
6311.608  9705  
6311.618  9748  
6311.63  9789  
6311.64  9805  
6311.652  9819  
6311.662  9827  
6311.674  9830  
6311.684  9828  
6311.694  9824  
6311.706  9819  
6311.716  9815  
6311.728  9812  
6311.738  9813  
6311.75  9820  
6311.76  9829  
6311.77  9840  
6311.782  9853  
6311.792  9862  
6311.804  9869  
6311.814  9872  
6311.826  9876  
6311.836  9879  
6311.848  9883  
6311.858  9885  
6311.868  9887  
6311.88  9886  
6311.89  9884  
6311.902  9881  
6311.912  9877  
6311.924  9872  
6311.934  9867  
6311.944  9865  
6311.956  9865  
6311.966  9866  
6311.978  9868  
6311.988  9872  
6312.0  9880  
6312.01  9886  
6312.02  9893  
6312.032  9898  
6312.042  9900  
6312.054  9901  
6312.064  9899  
6312.076  9896  
6312.086  9895  
6312.098  9897  
6312.108  9898  
6312.118  9899  
6312.13  9896  
6312.14  9887  
6312.152  9867  
6312.162  9840  
6312.174  9786  
6312.184  9720  
6312.194  9633  
6312.206  9488  
6312.216  9358  
6312.228  9220  
6312.238  9159  
6312.25  9165  
6312.26  9238  
6312.27  9347  
6312.282  9493  
6312.292  9604  
6312.304  9696  
6312.314  9745  
6312.326  9788  
6312.336  9811  
6312.348  9827  
6312.358  9837  
6312.368  9844  
6312.38  9849  
6312.39  9850  
6312.402  9850  
6312.412  9850  
6312.424  9854  
6312.434  9859  
6312.444  9864  
6312.456  9870  
6312.466  9876  
6312.478  9883  
6312.488  9888  
6312.5  9890  
6312.51  9891  
6312.52  9893  
6312.532  9895  
6312.542  9897  
6312.554  9900  
6312.564  9901  
6312.576  9902  
6312.586  9902  
6312.598  9901  
6312.608  9900  
6312.618  9900  
6312.63  9901  
6312.64  9902  
6312.652  9901  
6312.662  9897  
6312.674  9891  
6312.684  9880  
6312.694  9865  
6312.706  9838  
6312.716  9809  
6312.728  9770  
6312.738  9732  
6312.75  9687  
6312.76  9662  
6312.77  9655  
6312.782  9671  
6312.792  9695  
6312.804  9723  
6312.814  9745  
6312.826  9766  
6312.836  9777  
6312.848  9785  
6312.858  9788  
6312.868  9791  
6312.88  9793  
6312.89  9797  
6312.902  9803  
6312.912  9810  
6312.924  9817  
6312.934  9822  
6312.944  9827  
6312.956  9831  
6312.966  9832  
6312.978  9830  
6312.988  9827  
6313.0  9819  
6313.01  9813  
6313.02  9807  
6313.032  9807  
6313.042  9810  
6313.054  9819  
6313.064  9827  
6313.076  9837  
6313.086  9847  
6313.098  9859  
6313.108  9867  
6313.118  9872  
6313.13  9875  
6313.14  9872  
6313.152  9868  
6313.162  9862  
6313.174  9855  
6313.184  9850  
6313.194  9848  
6313.206  9848  
6313.216  9851  
6313.228  9857  
6313.238  9863  
6313.25  9869  
6313.26  9874  
6313.27  9877  
6313.282  9878  
6313.292  9878  
6313.304  9876  
6313.314  9874  
6313.326  9877  
6313.336  9882  
6313.348  9889  
6313.358  9895  
6313.368  9900  
6313.38  9906  
6313.39  9909  
6313.402  9911  
6313.412  9911  
6313.424  9913  
6313.434  9914  
6313.444  9914  
6313.456  9912  
6313.466  9907  
6313.478  9900  
6313.488  9894  
6313.5  9888  
6313.51  9882  
6313.52  9874  
6313.532  9865  
6313.542  9858  
6313.554  9856  
6313.564  9859  
6313.576  9864  
6313.586  9871  
6313.598  9880  
6313.608  9887  
6313.618  9894  
6313.63  9900  
6313.64  9903  
6313.652  9906  
6313.662  9906  
6313.674  9906  
6313.684  9904  
6313.694  9902  
6313.706  9898  
6313.716  9895  
6313.728  9890  
6313.738  9889  
6313.75  9888  
6313.76  9888  
6313.77  9887  
6313.782  9885  
6313.792  9884  
6313.804  9884  
6313.814  9886  
6313.826  9888  
6313.836  9890  
6313.848  9890  
6313.858  9889  
6313.868  9889  
6313.88  9889  
6313.89  9887  
6313.902  9882  
6313.912  9877  
6313.924  9875  
6313.934  9876  
6313.944  9878  
6313.956  9881  
6313.966  9882  
6313.978  9884  
6313.988  9885  
6314.0  9888  
6314.01  9890  
6314.02  9893  
6314.032  9892  
6314.042  9889  
6314.054  9885  
6314.064  9882  
6314.076  9877  
6314.086  9874  
6314.098  9870  
6314.108  9867  
6314.118  9859  
6314.13  9845  
6314.14  9830  
6314.152  9805  
6314.162  9776  
6314.174  9719  
6314.184  9642  
6314.194  9429  
6314.206  8607  
6314.216  7607  
6314.228  7849  
6314.238  8819  
6314.25  9466  
6314.26  9665  
6314.27  9743  
6314.282  9791  
6314.292  9818  
6314.304  9835  
6314.314  9844  
6314.326  9850  
6314.336  9853  
6314.348  9854  
6314.358  9854  
6314.368  9852  
6314.38  9849  
6314.39  9847  
6314.402  9843  
6314.412  9838  
6314.424  9829  
6314.434  9821  
6314.444  9812  
6314.456  9803  
6314.466  9796  
6314.478  9783  
6314.488  9768  
6314.5  9742  
6314.51  9711  
6314.52  9670  
6314.532  9598  
6314.542  9512  
6314.554  9344  
6314.564  9131  
6314.576  8740  
6314.586  8316  
6314.598  7626  
6314.608  6987  
6314.618  6284  
6314.63  5500  
6314.64  4923  
6314.652  4371  
6314.662  4086  
6314.674  4020  
6314.684  4198  
6314.694  4653  
6314.706  5541  
6314.716  6419  
6314.728  7385  
6314.738  8056  
6314.75  8620  
6314.76  8965  
6314.77  9209  
6314.782  9413  
6314.792  9536  
6314.804  9638  
6314.814  9703  
6314.826  9757  
6314.836  9787  
6314.848  9813  
6314.858  9824  
6314.868  9828  
6314.88  9823  
6314.89  9811  
6314.902  9783  
6314.912  9745  
6314.924  9665  
6314.934  9481  
6314.944  8953  
6314.956  7677  
6314.966  7417  
6314.978  8504  
6314.988  9261  
6315.0  9591  
6315.01  9689  
6315.02  9739  
6315.032  9759  
6315.042  9767  
6315.054  9775  
6315.064  9783  
6315.076  9793  
6315.086  9803  
6315.098  9817  
6315.108  9829  
6315.118  9838  
6315.13  9846  
6315.14  9848  
6315.152  9845  
6315.162  9834  
6315.174  9807  
6315.184  9773  
6315.194  9717  
6315.206  9614  
6315.216  9463  
6315.228  9168  
6315.238  8814  
6315.25  8215  
6315.26  7592  
6315.27  6917  
6315.282  6100  
6315.292  5514  
6315.304  5031  
6315.314  4901  
6315.326  5126  
6315.336  5579  
6315.348  6292  
6315.358  6851  
6315.368  7234  
6315.38  7446  
6315.39  7511  
6315.402  7558  
6315.412  7615  
6315.424  7780  
6315.434  8037  
6315.444  8352  
6315.456  8752  
6315.466  9044  
6315.478  9309  
6315.488  9475  
6315.5  9611  
6315.51  9688  
6315.52  9743  
6315.532  9794  
6315.542  9823  
6315.554  9848  
6315.564  9861  
6315.576  9873  
6315.586  9879  
6315.598  9882  
6315.608  9882  
6315.618  9880  
6315.63  9878  
6315.64  9874  
6315.652  9865  
6315.662  9855  
6315.674  9840  
6315.684  9821  
6315.694  9794  
6315.706  9740  
6315.716  9669  
6315.728  9511  
6315.738  9294  
6315.75  8914  
6315.76  8471  
6315.77  7935  
6315.782  7227  
6315.792  6665  
6315.804  6157  
6315.814  5960  
6315.826  6065  
6315.836  6422  
6315.848  7082  
6315.858  7688  
6315.868  8240  
6315.88  8744  
6315.89  9062  
6315.902  9342  
6315.912  9491  
6315.924  9614  
6315.934  9688  
6315.944  9741  
6315.956  9785  
6315.966  9811  
6315.978  9834  
6315.988  9847  
6316.0  9858  
6316.01  9864  
6316.02  9867  
6316.032  9868  
6316.042  9868  
6316.054  9869  
6316.064  9870  
6316.076  9873  
6316.086  9875  
6316.098  9877  
6316.108  9877  
6316.118  9877  
6316.13  9879  
6316.14  9881  
6316.152  9882  
6316.162  9881  
6316.174  9879  
6316.184  9877  
6316.194  9876  
6316.206  9876  
6316.216  9873  
6316.228  9868  
6316.238  9861  
6316.25  9849  
6316.26  9836  
6316.27  9820  
6316.282  9796  
6316.292  9777  
6316.304  9765  
6316.314  9771  
6316.326  9791  
6316.336  9812  
6316.348  9835  
6316.358  9849  
6316.368  9857  
6316.38  9862  
6316.39  9863  
6316.402  9864  
6316.412  9865  
6316.424  9864  
6316.434  9864  
6316.444  9864  
6316.456  9862  
6316.466  9856  
6316.478  9845  
6316.488  9833  
6316.5  9815  
6316.51  9793  
6316.52  9765  
6316.532  9723  
6316.542  9681  
6316.554  9634  
6316.564  9598  
6316.576  9573  
6316.586  9567  
6316.598  9585  
6316.608  9621  
6316.618  9658  
6316.63  9702  
6316.64  9735  
6316.652  9768  
6316.662  9791  
6316.674  9813  
6316.684  9827  
6316.694  9836  
6316.706  9845  
6316.716  9849  
6316.728  9850  
6316.738  9850  
6316.75  9849  
6316.76  9847  
6316.77  9845  
6316.782  9843  
6316.792  9841  
6316.804  9840  
6316.814  9841  
6316.826  9844  
6316.836  9847  
6316.848  9851  
6316.858  9853  
6316.868  9853  
6316.88  9851  
6316.89  9849  
6316.902  9845  
6316.912  9841  
6316.924  9837  
6316.934  9836  
6316.944  9837  
6316.956  9837  
6316.966  9835  
6316.978  9834  
6316.988  9832  
6317.0  9833  
6317.01  9834  
6317.02  9833  
6317.032  9829  
6317.042  9825  
6317.054  9820  
6317.064  9817  
6317.076  9815  
6317.086  9813  
6317.098  9809  
6317.108  9803  
6317.118  9795  
6317.13  9784  
6317.14  9772  
6317.152  9755  
6317.162  9738  
6317.174  9713  
6317.184  9691  
6317.194  9681  
6317.206  9687  
6317.216  9703  
6317.228  9728  
6317.238  9745  
6317.25  9762  
6317.26  9770  
6317.27  9772  
6317.282  9770  
6317.292  9763  
6317.304  9751  
6317.314  9736  
6317.326  9713  
6317.336  9689  
6317.348  9656  
6317.358  9632  
6317.368  9612  
6317.38  9599  
6317.39  9600  
6317.402  9608  
6317.412  9616  
6317.424  9630  
6317.434  9644  
6317.444  9661  
6317.456  9680  
6317.466  9693  
6317.478  9704  
6317.488  9713  
6317.5  9721  
6317.51  9727  
6317.52  9729  
6317.532  9730  
6317.542  9729  
6317.554  9727  
6317.564  9724  
6317.576  9720  
6317.586  9718  
6317.598  9717  
6317.608  9718  
6317.618  9719  
6317.63  9721  
6317.64  9722  
6317.652  9721  
6317.662  9719  
6317.674  9715  
6317.684  9711  
6317.694  9707  
6317.706  9700  
6317.716  9694  
6317.728  9687  
6317.738  9681  
6317.75  9672  
6317.76  9664  
6317.77  9657  
6317.782  9647  
6317.792  9636  
6317.804  9620  
6317.814  9604  
6317.826  9581  
6317.836  9557  
6317.848  9520  
6317.858  9479  
6317.868  9423  
6317.88  9327  
6317.89  9209  
6317.902  9010  
6317.912  8765  
6317.924  8336  
6317.934  7882  
6317.944  7309  
6317.956  6486  
6317.966  5716  
6317.978  4776  
6317.988  4066  
6318.0  3413  
6318.01  3080  
6318.02  2910  
6318.032  2868  
6318.042  2964  
6318.054  3327  
6318.064  3899  
6318.076  4854  
6318.086  5788  
6318.098  6815  
6318.108  7543  
6318.118  8081  
6318.13  8537  
6318.14  8817  
6318.152  9054  
6318.162  9195  
6318.174  9314  
6318.184  9386  
6318.194  9440  
6318.206  9487  
6318.216  9520  
6318.228  9549  
6318.238  9566  
6318.25  9579  
6318.26  9584  
6318.27  9586  
6318.282  9584  
6318.292  9581  
6318.304  9577  
6318.314  9577  
6318.326  9580  
6318.336  9585  
6318.348  9597  
6318.358  9608  
6318.368  9620  
6318.38  9630  
6318.39  9636  
6318.402  9640  
6318.412  9642  
6318.424  9643  
6318.434  9642  
6318.444  9641  
6318.456  9636  
6318.466  9628  
6318.478  9615  
6318.488  9605  
6318.5  9592  
6318.51  9578  
6318.52  9559  
6318.532  9530  
6318.542  9501  
6318.554  9463  
6318.564  9423  
6318.576  9364  
6318.586  9298  
6318.598  9197  
6318.608  9088  
6318.618  8948  
6318.63  8735  
6318.64  8521  
6318.652  8215  
6318.662  7940  
6318.674  7597  
6318.684  7339  
6318.694  7130  
6318.706  6988  
6318.716  6959  
6318.728  7071  
6318.738  7274  
6318.75  7594  
6318.76  7905  
6318.77  8202  
6318.782  8516  
6318.792  8725  
6318.804  8885  
6318.814  8829  
6318.826  8330  
6318.836  7961  
6318.848  8496  
6318.858  9062  
6318.868  9354  
6318.88  9485  
6318.89  9555  
6318.902  9601  
6318.912  9631  
6318.924  9656  
6318.934  9671  
6318.944  9681  
6318.956  9687  
6318.966  9691  
6318.978  9693  
6318.988  9694  
6319.0  9694  
6319.01  9692  
6319.02  9689  
6319.032  9682  
6319.042  9670  
6319.054  9650  
6319.064  9628  
6319.076  9601  
6319.086  9577  
6319.098  9544  
6319.108  9510  
6319.118  9467  
6319.13  9392  
6319.14  9306  
6319.152  9178  
6319.162  9044  
6319.174  8856  
6319.184  8651  
6319.194  8456  
6319.206  8217  
6319.216  8041  
6319.228  7900  
6319.238  7867  
6319.25  7935  
6319.26  8059  
6319.27  8246  
6319.282  8505  
6319.292  8734  
6319.304  8974  
6319.314  9129  
6319.326  9287  
6319.336  9380  
6319.348  9461  
6319.358  9500  
6319.368  9537  
6319.38  9553  
6319.39  9551  
6319.402  9530  
6319.412  9497  
6319.424  9446  
6319.434  9391  
6319.444  9321  
6319.456  9228  
6319.466  9159  
6319.478  9093  
6319.488  9069  
6319.5  9069  
6319.51  9091  
6319.52  9135  
6319.532  9196  
6319.542  9181  
6319.554  8916  
6319.564  8314  
6319.576  8169  
6319.586  8788  
6319.598  9396  
6319.608  9589  
6319.618  9671  
6319.63  9727  
6319.64  9756  
6319.652  9784  
6319.662  9802  
6319.674  9816  
6319.684  9823  
6319.694  9827  
6319.706  9827  
6319.716  9825  
6319.728  9823  
6319.738  9823  
6319.75  9824  
6319.76  9825  
6319.77  9827  
6319.782  9827  
6319.792  9824  
6319.804  9813  
6319.814  9799  
6319.826  9781  
6319.836  9770  
6319.848  9765  
6319.858  9767  
6319.868  9773  
6319.88  9780  
6319.89  9781  
6319.902  9777  
6319.912  9768  
6319.924  9763  
6319.934  9766  
6319.944  9780  
6319.956  9807  
6319.966  9830  
6319.978  9851  
6319.988  9863  
6320.0  9872  
6320.01  9876  
6320.02  9879  
6320.032  9880  
6320.042  9879  
6320.054  9877  
6320.064  9876  
6320.076  9873  
6320.086  9872  
6320.098  9871  
6320.108  9872  
6320.118  9875  
6320.13  9877  
6320.14  9877  
6320.152  9877  
6320.162  9878  
6320.174  9881  
6320.184  9884  
6320.194  9887  
6320.206  9891  
6320.216  9894  
6320.228  9897  
6320.238  9898  
6320.25  9893  
6320.26  9885  
6320.27  9874  
6320.282  9859  
6320.292  9846  
6320.304  9830  
6320.314  9814  
6320.326  9792  
6320.336  9772  
6320.348  9744  
6320.358  9715  
6320.368  9682  
6320.38  9634  
6320.39  9592  
6320.402  9543  
6320.412  9522  
6320.424  9520  
6320.434  9540  
6320.444  9574  
6320.456  9630  
6320.466  9678  
6320.478  9730  
6320.488  9769  
6320.5  9804  
6320.51  9826  
6320.52  9842  
6320.532  9855  
6320.542  9866  
6320.554  9875  
6320.564  9880  
6320.576  9884  
6320.586  9887  
6320.598  9889  
6320.608  9892  
6320.618  9895  
6320.63  9898  
6320.64  9900  
6320.652  9902  
6320.662  9901  
6320.674  9900  
6320.684  9899  
6320.694  9898  
6320.706  9894  
6320.716  9888  
6320.728  9871  
6320.738  9850  
6320.75  9814  
6320.76  9772  
6320.77  9715  
6320.782  9628  
6320.792  9545  
6320.804  9430  
6320.814  9333  
6320.826  9240  
6320.836  9216  
6320.848  9225  
6320.858  9266  
6320.868  9340  
6320.88  9449  
6320.89  9543  
6320.902  9638  
6320.912  9700  
6320.924  9755  
6320.934  9790  
6320.944  9817  
6320.956  9842  
6320.966  9857  
6320.978  9869  
6320.988  9877  
6321.0  9881  
6321.01  9885  
6321.02  9888  
6321.032  9889  
6321.042  9889  
6321.054  9888  
6321.064  9889  
6321.076  9889  
6321.086  9888  
6321.098  9885  
6321.108  9882  
6321.118  9880  
6321.13  9876  
6321.14  9873  
6321.152  9865  
6321.162  9858  
6321.174  9849  
6321.184  9845  
6321.194  9841  
6321.206  9838  
6321.216  9839  
6321.228  9841  
6321.238  9845  
6321.25  9849  
6321.26  9851  
6321.27  9850  
6321.282  9845  
6321.292  9839  
6321.304  9836  
6321.314  9839  
6321.326  9848  
6321.336  9857  
6321.348  9866  
6321.358  9873  
6321.368  9877  
6321.38  9882  
6321.39  9884  
6321.402  9887  
6321.412  9888  
6321.424  9890  
6321.434  9893  
6321.444  9895  
6321.456  9897  
6321.466  9896  
6321.478  9894  
6321.488  9892  
6321.5  9889  
6321.51  9889  
6321.52  9890  
6321.532  9890  
6321.542  9891  
6321.554  9894  
6321.564  9897  
6321.576  9901  
6321.586  9904  
6321.598  9906  
6321.608  9907  
6321.618  9908  
6321.63  9908  
6321.64  9908  
6321.652  9907  
6321.662  9905  
6321.674  9903  
6321.684  9901  
6321.694  9898  
6321.706  9893  
6321.716  9887  
6321.728  9879  
6321.738  9874  
6321.75  9870  
6321.76  9869  
6321.77  9870  
6321.782  9871  
6321.792  9873  
6321.804  9876  
6321.814  9880  
6321.826  9886  
6321.836  9890  
6321.848  9893  
6321.858  9893  
6321.868  9891  
6321.88  9888  
6321.89  9883  
6321.902  9877  
6321.912  9872  
6321.924  9866  
6321.934  9861  
6321.944  9857  
6321.956  9849  
6321.966  9841  
6321.978  9828  
6321.988  9817  
6322.0  9802  
6322.01  9788  
6322.02  9774  
6322.032  9757  
6322.042  9741  
6322.054  9717  
6322.064  9688  
6322.076  9640  
6322.086  9577  
6322.098  9465  
6322.108  9338  
6322.118  9183  
6322.13  8953  
6322.14  8739  
6322.152  8515  
6322.162  8381  
6322.174  8342  
6322.184  8416  
6322.194  8577  
6322.206  8832  
6322.216  9062  
6322.228  9301  
6322.238  9446  
6322.25  9586  
6322.26  9671  
6322.27  9729  
6322.282  9778  
6322.292  9808  
6322.304  9833  
6322.314  9845  
6322.326  9854  
6322.336  9858  
6322.348  9862  
6322.358  9864  
6322.368  9867  
6322.38  9871  
6322.39  9874  
6322.402  9875  
6322.412  9874  
6322.424  9871  
6322.434  9868  
6322.444  9863  
6322.456  9855  
6322.466  9848  
6322.478  9835  
6322.488  9820  
6322.5  9797  
6322.51  9775  
6322.52  9750  
6322.532  9716  
6322.542  9686  
6322.554  9644  
6322.564  9601  
6322.576  9516  
6322.586  9386  
6322.598  9120  
6322.608  8759  
6322.618  8228  
6322.63  7390  
6322.64  6613  
6322.652  5593  
6322.662  4824  
6322.674  4093  
6322.684  3734  
6322.694  3606  
6322.706  3761  
6322.716  4187  
6322.728  5071  
6322.738  5937  
6322.75  6979  
6322.76  7706  
6322.77  8267  
6322.782  8762  
6322.792  9054  
6322.804  9305  
6322.814  9439  
6322.826  9560  
6322.836  9636  
6322.848  9697  
6322.858  9738  
6322.868  9769  
6322.88  9799  
6322.89  9818  
6322.902  9836  
6322.912  9847  
6322.924  9856  
6322.934  9859  
6322.944  9859  
6322.956  9860  
6322.966  9863  
6322.978  9866  
6322.988  9867  
6323.0  9866  
6323.01  9867  
6323.02  9869  
6323.032  9870  
6323.042  9871  
6323.054  9873  
6323.064  9874  
6323.076  9874  
6323.086  9874  
6323.098  9877  
6323.108  9882  
6323.118  9887  
6323.13  9893  
6323.14  9898  
6323.152  9901  
6323.162  9903  
6323.174  9906  
6323.184  9910  
6323.194  9912  
6323.206  9913  
6323.216  9913  
6323.228  9911  
6323.238  9909  
6323.25  9905  
6323.26  9903  
6323.27  9903  
6323.282  9903  
6323.292  9903  
6323.304  9901  
6323.314  9899  
6323.326  9898  
6323.336  9899  
6323.348  9901  
6323.358  9903  
6323.368  9905  
6323.38  9905  
6323.39  9906  
6323.402  9906  
6323.412  9905  
6323.424  9902  
6323.434  9899  
6323.444  9894  
6323.456  9889  
6323.466  9885  
6323.478  9880  
6323.488  9879  
6323.5  9881  
6323.51  9885  
6323.52  9890  
6323.532  9897  
6323.542  9901  
6323.554  9905  
6323.564  9906  
6323.576  9906  
6323.586  9906  
6323.598  9903  
6323.608  9900  
6323.618  9897  
6323.63  9894  
6323.64  9889  
6323.652  9881  
6323.662  9871  
6323.674  9853  
6323.684  9823  
6323.694  9779  
6323.706  9659  
6323.716  9394  
6323.728  8983  
6323.738  9137  
6323.75  9521  
6323.76  9669  
6323.77  9736  
6323.782  9785  
6323.792  9812  
6323.804  9829  
6323.814  9834  
6323.826  9832  
6323.836  9828  
6323.848  9825  
6323.858  9828  
6323.868  9830  
6323.88  9833  
6323.89  9837  
6323.902  9844  
6323.912  9853  
6323.924  9866  
6323.934  9875  
6323.944  9881  
6323.956  9885  
6323.966  9886  
6323.978  9887  
6323.988  9888  
6324.0  9888  
6324.01  9887  
6324.02  9886  
6324.032  9883  
6324.042  9882  
6324.054  9882  
6324.064  9883  
6324.076  9885  
6324.086  9887  
6324.098  9889  
6324.108  9891  
6324.118  9894  
6324.13  9894  
6324.14  9891  
6324.152  9888  
6324.162  9887  
6324.174  9888  
6324.184  9888  
6324.194  9887  
6324.206  9885  
6324.216  9881  
6324.228  9873  
6324.238  9863  
6324.25  9847  
6324.26  9830  
6324.27  9809  
6324.282  9793  
6324.292  9788  
6324.304  9792  
6324.314  9804  
6324.326  9824  
6324.336  9842  
6324.348  9857  
6324.358  9866  
6324.368  9870  
6324.38  9870  
6324.39  9863  
6324.402  9849  
6324.412  9825  
6324.424  9757  
6324.434  9672  
6324.444  9401  
6324.456  8965  
6324.466  9082  
6324.478  9519  
6324.488  9701  
6324.5  9791  
6324.51  9826  
6324.52  9847  
6324.532  9859  
6324.542  9862  
6324.554  9862  
6324.564  9860  
6324.576  9857  
6324.586  9855  
6324.598  9854  
6324.608  9853  
6324.618  9850  
6324.63  9845  
6324.64  9842  
6324.652  9840  
6324.662  9839  
6324.674  9838  
6324.684  9838  
6324.694  9838  
6324.706  9837  
6324.716  9835  
6324.728  9834  
6324.738  9835  
6324.75  9838  
6324.76  9840  
6324.77  9841  
6324.782  9843  
6324.792  9845  
6324.804  9848  
6324.814  9851  
6324.826  9855  
6324.836  9860  
6324.848  9865  
6324.858  9870  
6324.868  9873  
6324.88  9878  
6324.89  9881  
6324.902  9885  
6324.912  9885  
6324.924  9884  
6324.934  9882  
6324.944  9880  
6324.956  9878  
6324.966  9879  
6324.978  9881  
6324.988  9883  
6325.0  9881  
6325.01  9880  
6325.02  9878  
6325.032  9875  
6325.042  9870  
6325.054  9861  
6325.064  9853  
6325.076  9842  
6325.086  9832  
6325.098  9817  
6325.108  9804  
6325.118  9790  
6325.13  9778  
6325.14  9772  
6325.152  9767  
6325.162  9770  
6325.174  9781  
6325.184  9796  
6325.194  9814  
6325.206  9837  
6325.216  9855  
6325.228  9874  
6325.238  9885  
6325.25  9893  
6325.26  9897  
6325.27  9900  
6325.282  9903  
6325.292  9903  
6325.304  9902  
6325.314  9899  
6325.326  9897  
6325.336  9896  
6325.348  9892  
6325.358  9890  
6325.368  9890  
6325.38  9888  
6325.39  9887  
6325.402  9883  
6325.412  9880  
6325.424  9878  
6325.434  9878  
6325.444  9877  
6325.456  9876  
6325.466  9877  
6325.478  9880  
6325.488  9882  
6325.5  9883  
6325.51  9884  
6325.52  9886  
6325.532  9889  
6325.542  9892  
6325.554  9893  
6325.564  9895  
6325.576  9897  
6325.586  9899  
6325.598  9899  
6325.608  9897  
6325.618  9896  
6325.63  9893  
6325.64  9888  
6325.652  9881  
6325.662  9877  
6325.674  9874  
6325.684  9871  
6325.694  9869  
6325.706  9871  
6325.716  9875  
6325.728  9880  
6325.738  9883  
6325.75  9885  
6325.76  9888  
6325.77  9892  
6325.782  9895  
6325.792  9896  
6325.804  9900  
6325.814  9902  
6325.826  9903  
6325.836  9903  
6325.848  9901  
6325.858  9900  
6325.868  9900  
6325.88  9901  
6325.89  9904  
6325.902  9907  
6325.912  9908  
6325.924  9909  
6325.934  9910  
6325.944  9909  
6325.956  9907  
6325.966  9905  
6325.978  9903  
6325.988  9902  
6326.0  9902  
6326.01  9903  
6326.02  9904  
6326.032  9900  
6326.042  9896  
6326.054  9894  
6326.064  9894  
6326.076  9895  
6326.086  9895  
6326.098  9895  
6326.108  9894  
6326.118  9893  
6326.13  9891  
6326.14  9891  
6326.152  9891  
6326.162  9893  
6326.174  9893  
6326.184  9892  
6326.194  9891  
6326.206  9891  
6326.216  9891  
6326.228  9891  
6326.238  9890  
6326.25  9889  
6326.26  9888  
6326.27  9887  
6326.282  9887  
6326.292  9887  
6326.304  9887  
6326.314  9886  
6326.326  9884  
6326.336  9883  
6326.348  9881  
6326.358  9878  
6326.368  9874  
6326.38  9868  
6326.39  9863  
6326.402  9858  
6326.412  9855  
6326.424  9854  
6326.434  9852  
6326.444  9848  
6326.456  9843  
6326.466  9841  
6326.478  9844  
6326.488  9851  
6326.5  9863  
6326.51  9873  
6326.52  9881  
6326.532  9888  
6326.542  9892  
6326.554  9895  
6326.564  9897  
6326.576  9897  
6326.586  9896  
6326.598  9896  
6326.608  9896  
6326.618  9898  
6326.63  9902  
6326.64  9904  
6326.652  9906  
6326.662  9907  
6326.674  9907  
6326.684  9908  
6326.694  9907  
6326.706  9905  
6326.716  9903  
6326.728  9902  
6326.738  9901  
6326.75  9896  
6326.76  9888  
6326.77  9876  
6326.782  9856  
6326.792  9834  
6326.804  9801  
6326.814  9772  
6326.826  9745  
6326.836  9730  
6326.848  9725  
6326.858  9733  
6326.868  9751  
6326.88  9783  
6326.89  9809  
6326.902  9834  
6326.912  9851  
6326.924  9864  
6326.934  9868  
6326.944  9861  
6326.956  9856  
6326.966  9851  
6326.978  9850  
6326.988  9851  
6327.0  9856  
