wave flux

5225.0  6327  
5225.01  6217  
5225.02  6273  
5225.032  6632  
5225.042  7120  
5225.054  7785  
5225.064  8242  
5225.076  8658  
5225.086  8876  
5225.098  9035  
5225.108  9133  
5225.118  9224  
5225.13  9335  
5225.14  9426  
5225.152  9525  
5225.162  9590  
5225.174  9649  
5225.184  9683  
5225.194  9709  
5225.206  9729  
5225.216  9742  
5225.228  9753  
5225.238  9760  
5225.25  9766  
5225.26  9770  
5225.27  9774  
5225.282  9771  
5225.292  9767  
5225.304  9763  
5225.314  9761  
5225.326  9757  
5225.336  9753  
5225.348  9747  
5225.358  9740  
5225.368  9732  
5225.38  9720  
5225.39  9705  
5225.402  9683  
5225.412  9651  
5225.424  9591  
5225.434  9495  
5225.444  9295  
5225.456  8830  
5225.466  8148  
5225.478  6887  
5225.488  5592  
5225.5  4130  
5225.51  3198  
5225.52  2646  
5225.532  2484  
5225.542  2747  
5225.554  3837  
5225.564  5240  
5225.576  6902  
5225.586  7927  
5225.598  8683  
5225.608  9064  
5225.618  9291  
5225.63  9456  
5225.64  9533  
5225.652  9588  
5225.662  9610  
5225.674  9620  
5225.684  9609  
5225.694  9590  
5225.706  9561  
5225.716  9534  
5225.728  9495  
5225.738  9451  
5225.75  9362  
5225.76  9234  
5225.77  9044  
5225.782  8733  
5225.792  8480  
5225.804  8276  
5225.814  8249  
5225.826  8412  
5225.836  8632  
5225.848  8897  
5225.858  9076  
5225.868  9205  
5225.88  9301  
5225.89  9347  
5225.902  9378  
5225.912  9387  
5225.924  9382  
5225.934  9368  
5225.944  9349  
5225.956  9320  
5225.966  9293  
5225.978  9255  
5225.988  9214  
5226.0  9148  
5226.01  9072  
5226.02  8973  
5226.032  8828  
5226.042  8701  
5226.054  8601  
5226.064  8566  
5226.076  8582  
5226.086  8622  
5226.098  8683  
5226.108  8724  
5226.118  8754  
5226.13  8776  
5226.14  8790  
5226.152  8807  
5226.162  8824  
5226.174  8848  
5226.184  8870  
5226.194  8894  
5226.206  8924  
5226.216  8951  
5226.228  8982  
5226.238  9011  
5226.25  9043  
5226.26  9068  
5226.27  9090  
5226.282  9115  
5226.292  9133  
5226.304  9151  
5226.314  9162  
5226.326  9170  
5226.336  9168  
5226.348  9148  
5226.358  9117  
5226.368  9080  
5226.38  9026  
5226.39  8984  
5226.402  8938  
5226.412  8900  
5226.424  8825  
5226.434  8701  
5226.444  8454  
5226.456  7950  
5226.466  7347  
5226.478  6405  
5226.488  5497  
5226.5  4381  
5226.51  3522  
5226.52  2867  
5226.532  2459  
5226.542  2393  
5226.554  2683  
5226.564  3311  
5226.576  4468  
5226.586  5531  
5226.598  6599  
5226.608  7237  
5226.618  7659  
5226.63  7962  
5226.64  8098  
5226.652  8168  
5226.662  8180  
5226.674  8123  
5226.684  8036  
5226.694  7917  
5226.706  7726  
5226.716  7520  
5226.728  7219  
5226.738  6897  
5226.75  6459  
5226.76  6014  
5226.77  5542  
5226.782  4916  
5226.792  4335  
5226.804  3577  
5226.814  2936  
5226.826  2244  
5226.836  1830  
5226.848  1544  
5226.858  1450  
5226.868  1481  
5226.88  1684  
5226.89  2066  
5226.902  2791  
5226.912  3541  
5226.924  4395  
5226.934  4999  
5226.944  5465  
5226.956  5896  
5226.966  6160  
5226.978  6367  
5226.988  6448  
5227.0  6478  
5227.01  6472  
5227.02  6367  
5227.032  6153  
5227.042  5910  
5227.054  5542  
5227.064  5179  
5227.076  4676  
5227.086  4181  
5227.098  3507  
5227.108  2924  
5227.118  2398  
5227.13  1928  
5227.14  1661  
5227.152  1436  
5227.162  1300  
5227.174  1199  
5227.184  1165  
5227.194  1186  
5227.206  1283  
5227.216  1466  
5227.228  1904  
5227.238  2495  
5227.25  3386  
5227.26  4113  
5227.27  4746  
5227.282  5380  
5227.292  5830  
5227.304  6298  
5227.314  6649  
5227.326  7002  
5227.336  7264  
5227.348  7536  
5227.358  7729  
5227.368  7903  
5227.38  8075  
5227.39  8200  
5227.402  8316  
5227.412  8391  
5227.424  8461  
5227.434  8505  
5227.444  8544  
5227.456  8591  
5227.466  8633  
5227.478  8693  
5227.488  8754  
5227.5  8837  
5227.51  8905  
5227.52  8961  
5227.532  9014  
5227.542  9049  
5227.554  9082  
5227.564  9109  
5227.576  9145  
5227.586  9180  
5227.598  9221  
5227.608  9251  
5227.618  9276  
5227.63  9294  
5227.64  9296  
5227.652  9285  
5227.662  9264  
5227.674  9221  
5227.684  9169  
5227.694  9107  
5227.706  9029  
5227.716  8989  
5227.728  8981  
5227.738  9038  
5227.75  9143  
5227.76  9234  
5227.77  9316  
5227.782  9385  
5227.792  9420  
5227.804  9444  
5227.814  9447  
5227.826  9436  
5227.836  9419  
5227.848  9398  
5227.858  9385  
5227.868  9382  
5227.88  9389  
5227.89  9402  
5227.902  9422  
5227.912  9439  
5227.924  9456  
5227.934  9464  
5227.944  9467  
5227.956  9465  
5227.966  9459  
5227.978  9448  
5227.988  9429  
5228.0  9390  
5228.01  9336  
5228.02  9251  
5228.032  9083  
5228.042  8864  
5228.054  8534  
5228.064  8232  
5228.076  7933  
5228.086  7792  
5228.098  7824  
5228.108  7993  
5228.118  8252  
5228.13  8598  
5228.14  8853  
5228.152  9081  
5228.162  9214  
5228.174  9318  
5228.184  9376  
5228.194  9418  
5228.206  9455  
5228.216  9475  
5228.228  9484  
5228.238  9477  
5228.25  9450  
5228.26  9408  
5228.27  9334  
5228.282  9186  
5228.292  8962  
5228.304  8519  
5228.314  7951  
5228.326  7058  
5228.336  6198  
5228.348  5155  
5228.358  4416  
5228.368  3966  
5228.38  3938  
5228.39  4414  
5228.402  5437  
5228.412  6392  
5228.424  7401  
5228.434  8014  
5228.444  8474  
5228.456  8880  
5228.466  9126  
5228.478  9328  
5228.488  9441  
5228.5  9524  
5228.51  9561  
5228.52  9577  
5228.532  9568  
5228.542  9545  
5228.554  9510  
5228.564  9481  
5228.576  9463  
5228.586  9470  
5228.598  9501  
5228.608  9542  
5228.618  9590  
5228.63  9642  
5228.64  9680  
5228.652  9715  
5228.662  9737  
5228.674  9755  
5228.684  9765  
5228.694  9772  
5228.706  9777  
5228.716  9780  
5228.728  9784  
5228.738  9786  
5228.75  9785  
5228.76  9783  
5228.77  9781  
5228.782  9778  
5228.792  9776  
5228.804  9776  
5228.814  9777  
5228.826  9779  
5228.836  9780  
5228.848  9780  
5228.858  9781  
5228.868  9783  
5228.88  9786  
5228.89  9789  
5228.902  9791  
5228.912  9793  
5228.924  9795  
5228.934  9796  
5228.944  9798  
5228.956  9801  
5228.966  9805  
5228.978  9811  
5228.988  9813  
5229.0  9815  
5229.01  9817  
5229.02  9817  
5229.032  9813  
5229.042  9807  
5229.054  9800  
5229.064  9792  
5229.076  9785  
5229.086  9779  
5229.098  9776  
5229.108  9775  
5229.118  9775  
5229.13  9776  
5229.14  9780  
5229.152  9788  
5229.162  9793  
5229.174  9795  
5229.184  9795  
5229.194  9795  
5229.206  9793  
5229.216  9793  
5229.228  9792  
5229.238  9789  
5229.25  9786  
5229.26  9782  
5229.27  9781  
5229.282  9779  
5229.292  9780  
5229.304  9783  
5229.314  9785  
5229.326  9792  
5229.336  9796  
5229.348  9795  
5229.358  9791  
5229.368  9784  
5229.38  9776  
5229.39  9767  
5229.402  9753  
5229.412  9741  
5229.424  9731  
5229.434  9724  
5229.444  9720  
5229.456  9719  
5229.466  9720  
5229.478  9721  
5229.488  9716  
5229.5  9706  
5229.51  9695  
5229.52  9685  
5229.532  9672  
5229.542  9662  
5229.554  9652  
5229.564  9645  
5229.576  9639  
5229.586  9631  
5229.598  9618  
5229.608  9603  
5229.618  9585  
5229.63  9556  
5229.64  9528  
5229.652  9486  
5229.662  9443  
5229.674  9382  
5229.684  9318  
5229.694  9239  
5229.706  9118  
5229.716  8978  
5229.728  8762  
5229.738  8520  
5229.75  8102  
5229.76  7656  
5229.77  7092  
5229.782  6255  
5229.792  5451  
5229.804  4427  
5229.814  3597  
5229.826  2769  
5229.836  2311  
5229.848  2039  
5229.858  1979  
5229.868  2053  
5229.88  2374  
5229.89  2939  
5229.902  4010  
5229.912  5051  
5229.924  6185  
5229.934  6936  
5229.944  7506  
5229.956  8035  
5229.966  8359  
5229.978  8666  
5229.988  8861  
5230.0  9043  
5230.01  9160  
5230.02  9257  
5230.032  9349  
5230.042  9410  
5230.054  9468  
5230.064  9508  
5230.076  9545  
5230.086  9569  
5230.098  9588  
5230.108  9594  
5230.118  9580  
5230.13  9526  
5230.14  9425  
5230.152  9188  
5230.162  8885  
5230.174  8384  
5230.184  7928  
5230.194  7531  
5230.206  7225  
5230.216  7176  
5230.228  7391  
5230.238  7768  
5230.25  8316  
5230.26  8734  
5230.27  9080  
5230.282  9359  
5230.292  9498  
5230.304  9594  
5230.314  9641  
5230.326  9656  
5230.336  9638  
5230.348  9597  
5230.358  9550  
5230.368  9504  
5230.38  9465  
5230.39  9455  
5230.402  9472  
5230.412  9508  
5230.424  9570  
5230.434  9627  
5230.444  9681  
5230.456  9730  
5230.466  9763  
5230.478  9790  
5230.488  9805  
5230.5  9816  
5230.51  9817  
5230.52  9815  
5230.532  9810  
5230.542  9801  
5230.554  9781  
5230.564  9753  
5230.576  9706  
5230.586  9656  
5230.598  9591  
5230.608  9549  
5230.618  9516  
5230.63  9478  
5230.64  9439  
5230.652  9374  
5230.662  9299  
5230.674  9199  
5230.684  9153  
5230.694  9167  
5230.706  9244  
5230.716  9365  
5230.728  9499  
5230.738  9591  
5230.75  9676  
5230.76  9728  
5230.77  9767  
5230.782  9798  
5230.792  9815  
5230.804  9829  
5230.814  9840  
5230.826  9851  
5230.836  9854  
5230.848  9856  
5230.858  9855  
5230.868  9854  
5230.88  9850  
5230.89  9846  
5230.902  9836  
5230.912  9820  
5230.924  9791  
5230.934  9756  
5230.944  9716  
5230.956  9674  
5230.966  9658  
5230.978  9664  
5230.988  9689  
5231.0  9730  
5231.01  9765  
5231.02  9795  
5231.032  9821  
5231.042  9836  
5231.054  9848  
5231.064  9855  
5231.076  9860  
5231.086  9862  
5231.098  9862  
5231.108  9861  
5231.118  9860  
5231.13  9859  
5231.14  9859  
5231.152  9859  
5231.162  9857  
5231.174  9853  
5231.184  9849  
5231.194  9845  
5231.206  9840  
5231.216  9833  
5231.228  9823  
5231.238  9816  
5231.25  9809  
5231.26  9809  
5231.27  9810  
5231.282  9812  
5231.292  9814  
5231.304  9809  
5231.314  9792  
5231.326  9749  
5231.336  9686  
5231.348  9561  
5231.358  9397  
5231.368  9210  
5231.38  9007  
5231.39  8909  
5231.402  8932  
5231.412  9054  
5231.424  9232  
5231.434  9351  
5231.444  9411  
5231.456  9428  
5231.466  9413  
5231.478  9392  
5231.488  9392  
5231.5  9428  
5231.51  9480  
5231.52  9536  
5231.532  9590  
5231.542  9620  
5231.554  9637  
5231.564  9635  
5231.576  9622  
5231.586  9605  
5231.598  9585  
5231.608  9572  
5231.618  9565  
5231.63  9565  
5231.64  9573  
5231.652  9587  
5231.662  9601  
5231.674  9618  
5231.684  9631  
5231.694  9645  
5231.706  9660  
5231.716  9670  
5231.728  9679  
5231.738  9681  
5231.75  9680  
5231.76  9677  
5231.77  9674  
5231.782  9667  
5231.792  9655  
5231.804  9630  
5231.814  9606  
5231.826  9585  
5231.836  9580  
5231.848  9589  
5231.858  9605  
5231.868  9628  
5231.88  9658  
5231.89  9679  
5231.902  9697  
5231.912  9707  
5231.924  9716  
5231.934  9722  
5231.944  9726  
5231.956  9724  
5231.966  9721  
5231.978  9718  
5231.988  9716  
5232.0  9712  
5232.01  9709  
5232.02  9707  
5232.032  9707  
5232.042  9705  
5232.054  9700  
5232.064  9697  
5232.076  9691  
5232.086  9684  
5232.098  9672  
5232.108  9660  
5232.118  9648  
5232.13  9635  
5232.14  9627  
5232.152  9616  
5232.162  9608  
5232.174  9603  
5232.184  9600  
5232.194  9597  
5232.206  9592  
5232.216  9588  
5232.228  9581  
5232.238  9572  
5232.25  9559  
5232.26  9548  
5232.27  9537  
5232.282  9525  
5232.292  9517  
5232.304  9504  
5232.314  9493  
5232.326  9475  
5232.336  9458  
5232.348  9437  
5232.358  9419  
5232.368  9398  
5232.38  9369  
5232.39  9337  
5232.402  9286  
5232.412  9226  
5232.424  9112  
5232.434  8973  
5232.444  8779  
5232.456  8500  
5232.466  8253  
5232.478  8016  
5232.488  7907  
5232.5  7917  
5232.51  8023  
5232.52  8171  
5232.532  8339  
5232.542  8457  
5232.554  8546  
5232.564  8587  
5232.576  8597  
5232.586  8584  
5232.598  8548  
5232.608  8503  
5232.618  8446  
5232.63  8359  
5232.64  8275  
5232.652  8162  
5232.662  8054  
5232.674  7913  
5232.684  7790  
5232.694  7652  
5232.706  7462  
5232.716  7302  
5232.728  7075  
5232.738  6884  
5232.75  6626  
5232.76  6397  
5232.77  6152  
5232.782  5840  
5232.792  5563  
5232.804  5238  
5232.814  4947  
5232.826  4610  
5232.836  4320  
5232.848  3988  
5232.858  3695  
5232.868  3364  
5232.88  2906  
5232.89  2481  
5232.902  1969  
5232.912  1615  
5232.924  1327  
5232.934  1195  
5232.944  1155  
5232.956  1230  
5232.966  1390  
5232.978  1748  
5232.988  2166  
5233.0  2740  
5233.01  3200  
5233.02  3610  
5233.032  4041  
5233.042  4378  
5233.054  4760  
5233.064  5070  
5233.076  5431  
5233.086  5720  
5233.098  6052  
5233.108  6309  
5233.118  6543  
5233.13  6805  
5233.14  7002  
5233.152  7221  
5233.162  7390  
5233.174  7573  
5233.184  7709  
5233.194  7839  
5233.206  7979  
5233.216  8081  
5233.228  8194  
5233.238  8284  
5233.25  8387  
5233.26  8466  
5233.27  8540  
5233.282  8626  
5233.292  8696  
5233.304  8768  
5233.314  8823  
5233.326  8887  
5233.336  8934  
5233.348  8987  
5233.358  9029  
5233.368  9069  
5233.38  9114  
5233.39  9149  
5233.402  9188  
5233.412  9218  
5233.424  9252  
5233.434  9279  
5233.444  9304  
5233.456  9334  
5233.466  9357  
5233.478  9381  
5233.488  9400  
5233.5  9422  
5233.51  9441  
5233.52  9459  
5233.532  9477  
5233.542  9490  
5233.554  9502  
5233.564  9511  
5233.576  9524  
5233.586  9535  
5233.598  9548  
5233.608  9557  
5233.618  9562  
5233.63  9563  
5233.64  9559  
5233.652  9552  
5233.662  9548  
5233.674  9547  
5233.684  9552  
5233.694  9562  
5233.706  9582  
5233.716  9601  
5233.728  9624  
5233.738  9637  
5233.75  9640  
5233.76  9630  
5233.77  9612  
5233.782  9581  
5233.792  9558  
5233.804  9545  
5233.814  9555  
5233.826  9585  
5233.836  9619  
5233.848  9663  
5233.858  9692  
5233.868  9714  
5233.88  9731  
5233.89  9739  
5233.902  9745  
5233.912  9749  
5233.924  9751  
5233.934  9750  
5233.944  9744  
5233.956  9727  
5233.966  9706  
5233.978  9673  
5233.988  9641  
5234.0  9602  
5234.01  9570  
5234.02  9538  
5234.032  9496  
5234.042  9460  
5234.054  9422  
5234.064  9414  
5234.076  9431  
5234.086  9471  
5234.098  9530  
5234.108  9579  
5234.118  9616  
5234.13  9629  
5234.14  9606  
5234.152  9542  
5234.162  9455  
5234.174  9335  
5234.184  9263  
5234.194  9237  
5234.206  9275  
5234.216  9368  
5234.228  9489  
5234.238  9575  
5234.25  9647  
5234.26  9690  
5234.27  9722  
5234.282  9749  
5234.292  9766  
5234.304  9781  
5234.314  9789  
5234.326  9794  
5234.336  9795  
5234.348  9795  
5234.358  9793  
5234.368  9789  
5234.38  9781  
5234.39  9773  
5234.402  9763  
5234.412  9751  
5234.424  9732  
5234.434  9716  
5234.444  9697  
5234.456  9671  
5234.466  9644  
5234.478  9598  
5234.488  9537  
5234.5  9420  
5234.51  9271  
5234.52  9042  
5234.532  8619  
5234.542  8122  
5234.554  7347  
5234.564  6566  
5234.576  5543  
5234.586  4653  
5234.598  3671  
5234.608  3070  
5234.618  2780  
5234.63  2805  
5234.64  3185  
5234.652  4130  
5234.662  5176  
5234.674  6399  
5234.684  7221  
5234.694  7842  
5234.706  8365  
5234.716  8685  
5234.728  8953  
5234.738  9128  
5234.75  9288  
5234.76  9397  
5234.77  9486  
5234.782  9568  
5234.792  9621  
5234.804  9669  
5234.814  9698  
5234.826  9723  
5234.836  9739  
5234.848  9754  
5234.858  9763  
5234.868  9771  
5234.88  9778  
5234.89  9784  
5234.902  9789  
5234.912  9790  
5234.924  9786  
5234.934  9777  
5234.944  9759  
5234.956  9720  
5234.966  9670  
5234.978  9582  
5234.988  9491  
5235.0  9390  
5235.01  9348  
5235.02  9347  
5235.032  9401  
5235.042  9477  
5235.054  9570  
5235.064  9629  
5235.076  9654  
5235.086  9627  
5235.098  9547  
5235.108  9403  
5235.118  9199  
5235.13  8911  
5235.14  8632  
5235.152  8311  
5235.162  8094  
5235.174  7881  
5235.184  7787  
5235.194  7837  
5235.206  8095  
5235.216  8429  
5235.228  8860  
5235.238  9159  
5235.25  9370  
5235.26  9454  
5235.27  9476  
5235.282  9392  
5235.292  9225  
5235.304  8837  
5235.314  8335  
5235.326  7464  
5235.336  6565  
5235.348  5415  
5235.358  4505  
5235.368  3727  
5235.38  3186  
5235.39  3142  
5235.402  3622  
5235.412  4478  
5235.424  5666  
5235.434  6462  
5235.444  6899  
5235.456  7023  
5235.466  6871  
5235.478  6613  
5235.488  6511  
5235.5  6677  
5235.51  7078  
5235.52  7613  
5235.532  8291  
5235.542  8749  
5235.554  9146  
5235.564  9369  
5235.576  9554  
5235.586  9656  
5235.598  9738  
5235.608  9784  
5235.618  9818  
5235.63  9843  
5235.64  9854  
5235.652  9858  
5235.662  9857  
5235.674  9851  
5235.684  9846  
5235.694  9840  
5235.706  9838  
5235.716  9842  
5235.728  9853  
5235.738  9861  
5235.75  9871  
5235.76  9879  
5235.77  9883  
5235.782  9882  
5235.792  9880  
5235.804  9879  
5235.814  9879  
5235.826  9882  
5235.836  9885  
5235.848  9888  
5235.858  9889  
5235.868  9885  
5235.88  9873  
5235.89  9860  
5235.902  9843  
5235.912  9830  
5235.924  9817  
5235.934  9812  
5235.944  9814  
5235.956  9825  
5235.966  9838  
5235.978  9849  
5235.988  9854  
5236.0  9853  
5236.01  9848  
5236.02  9838  
5236.032  9828  
5236.042  9826  
5236.054  9828  
5236.064  9834  
5236.076  9837  
5236.086  9830  
5236.098  9801  
5236.108  9752  
5236.118  9646  
5236.13  9427  
5236.14  9095  
5236.152  8503  
5236.162  7860  
5236.174  7037  
5236.184  6471  
5236.194  6154  
5236.206  6251  
5236.216  6697  
5236.228  7492  
5236.238  8141  
5236.25  8755  
5236.26  9105  
5236.27  9341  
5236.282  9523  
5236.292  9613  
5236.304  9668  
5236.314  9676  
5236.326  9636  
5236.336  9561  
5236.348  9405  
5236.358  9267  
5236.368  9147  
5236.38  9061  
5236.39  9090  
5236.402  9174  
5236.412  9261  
5236.424  9361  
5236.434  9433  
5236.444  9494  
5236.456  9556  
5236.466  9600  
5236.478  9645  
5236.488  9680  
5236.5  9716  
5236.51  9740  
5236.52  9760  
5236.532  9778  
5236.542  9788  
5236.554  9792  
5236.564  9789  
5236.576  9777  
5236.586  9764  
5236.598  9752  
5236.608  9750  
5236.618  9757  
5236.63  9773  
5236.64  9791  
5236.652  9814  
5236.662  9834  
5236.674  9854  
5236.684  9866  
5236.694  9875  
5236.706  9884  
5236.716  9889  
5236.728  9892  
5236.738  9892  
5236.75  9890  
5236.76  9890  
5236.77  9889  
5236.782  9887  
5236.792  9884  
5236.804  9880  
5236.814  9876  
5236.826  9871  
5236.836  9868  
5236.848  9859  
5236.858  9850  
5236.868  9840  
5236.88  9827  
5236.89  9816  
5236.902  9806  
5236.912  9802  
5236.924  9805  
5236.934  9811  
5236.944  9822  
5236.956  9835  
5236.966  9842  
5236.978  9847  
5236.988  9846  
5237.0  9835  
5237.01  9816  
5237.02  9787  
5237.032  9740  
5237.042  9700  
5237.054  9657  
5237.064  9634  
5237.076  9627  
5237.086  9638  
5237.098  9667  
5237.108  9699  
5237.118  9734  
5237.13  9774  
5237.14  9802  
5237.152  9822  
5237.162  9827  
5237.174  9821  
5237.184  9795  
5237.194  9749  
5237.206  9650  
5237.216  9504  
5237.228  9245  
5237.238  8909  
5237.25  8365  
5237.26  7817  
5237.27  7191  
5237.282  6406  
5237.292  5775  
5237.304  5155  
5237.314  4866  
5237.326  4941  
5237.336  5391  
5237.348  6270  
5237.358  7085  
5237.368  7773  
5237.38  8412  
5237.39  8790  
5237.402  9118  
5237.412  9313  
5237.424  9485  
5237.434  9595  
5237.444  9684  
5237.456  9753  
5237.466  9790  
5237.478  9822  
5237.488  9841  
5237.5  9853  
5237.51  9858  
5237.52  9860  
5237.532  9863  
5237.542  9868  
5237.554  9878  
5237.564  9888  
5237.576  9900  
5237.586  9906  
5237.598  9911  
5237.608  9914  
5237.618  9917  
5237.63  9918  
5237.64  9917  
5237.652  9916  
5237.662  9916  
5237.674  9915  
5237.684  9916  
5237.694  9916  
5237.706  9916  
5237.716  9916  
5237.728  9914  
5237.738  9908  
5237.75  9893  
5237.76  9874  
5237.77  9847  
5237.782  9805  
5237.792  9759  
5237.804  9697  
5237.814  9652  
5237.826  9625  
5237.836  9623  
5237.848  9642  
5237.858  9668  
5237.868  9693  
5237.88  9716  
5237.89  9729  
5237.902  9742  
5237.912  9758  
5237.924  9783  
5237.934  9804  
5237.944  9821  
5237.956  9838  
5237.966  9847  
5237.978  9857  
5237.988  9866  
5238.0  9874  
5238.01  9883  
5238.02  9889  
5238.032  9898  
5238.042  9903  
5238.054  9905  
5238.064  9908  
5238.076  9911  
5238.086  9914  
5238.098  9914  
5238.108  9914  
5238.118  9913  
5238.13  9910  
5238.14  9905  
5238.152  9890  
5238.162  9874  
5238.174  9848  
5238.184  9821  
5238.194  9786  
5238.206  9733  
5238.216  9684  
5238.228  9637  
5238.238  9613  
5238.25  9613  
5238.26  9640  
5238.27  9685  
5238.282  9749  
5238.292  9793  
5238.304  9835  
5238.314  9859  
5238.326  9878  
5238.336  9887  
5238.348  9895  
5238.358  9899  
5238.368  9902  
5238.38  9903  
5238.39  9905  
5238.402  9909  
5238.412  9909  
5238.424  9906  
5238.434  9901  
5238.444  9891  
5238.456  9864  
5238.466  9827  
5238.478  9761  
5238.488  9672  
5238.5  9510  
5238.51  9337  
5238.52  9168  
5238.532  8990  
5238.542  8877  
5238.554  8767  
5238.564  8679  
5238.576  8591  
5238.586  8591  
5238.598  8708  
5238.608  8907  
5238.618  9119  
5238.63  9362  
5238.64  9526  
5238.652  9660  
5238.662  9742  
5238.674  9802  
5238.684  9837  
5238.694  9865  
5238.706  9889  
5238.716  9902  
5238.728  9910  
5238.738  9915  
5238.75  9919  
5238.76  9921  
5238.77  9921  
5238.782  9918  
5238.792  9916  
5238.804  9914  
5238.814  9913  
5238.826  9910  
5238.836  9905  
5238.848  9894  
5238.858  9878  
5238.868  9850  
5238.88  9794  
5238.89  9708  
5238.902  9532  
5238.912  9305  
5238.924  8919  
5238.934  8553  
5238.944  8240  
5238.956  8044  
5238.966  8100  
5238.978  8409  
5238.988  8751  
5239.0  9128  
5239.01  9373  
5239.02  9544  
5239.032  9670  
5239.042  9737  
5239.054  9788  
5239.064  9812  
5239.076  9826  
5239.086  9831  
5239.098  9832  
5239.108  9832  
5239.118  9834  
5239.13  9837  
5239.14  9839  
5239.152  9841  
5239.162  9842  
5239.174  9844  
5239.184  9847  
5239.194  9848  
5239.206  9846  
5239.216  9842  
5239.228  9835  
5239.238  9828  
5239.25  9824  
5239.26  9822  
5239.27  9822  
5239.282  9824  
5239.292  9829  
5239.304  9832  
5239.314  9833  
5239.326  9836  
5239.336  9841  
5239.348  9849  
5239.358  9855  
5239.368  9860  
5239.38  9867  
5239.39  9869  
5239.402  9865  
5239.412  9857  
5239.424  9845  
5239.434  9834  
5239.444  9821  
5239.456  9808  
5239.466  9800  
5239.478  9795  
5239.488  9796  
5239.5  9802  
5239.51  9811  
5239.52  9824  
5239.532  9837  
5239.542  9846  
5239.554  9855  
5239.564  9862  
5239.576  9871  
5239.586  9878  
5239.598  9884  
5239.608  9887  
5239.618  9890  
5239.63  9894  
5239.64  9897  
5239.652  9895  
5239.662  9889  
5239.674  9878  
5239.684  9861  
5239.694  9831  
5239.706  9774  
5239.716  9687  
5239.728  9500  
5239.738  9221  
5239.75  8689  
5239.76  8053  
5239.77  7281  
5239.782  6272  
5239.792  5502  
5239.804  4860  
5239.814  4700  
5239.826  5041  
5239.836  5701  
5239.848  6697  
5239.858  7457  
5239.868  7997  
5239.88  8425  
5239.89  8638  
5239.902  8824  
5239.912  8967  
5239.924  9147  
5239.934  9285  
5239.944  9415  
5239.956  9544  
5239.966  9622  
5239.978  9683  
5239.988  9718  
5240.0  9742  
5240.01  9751  
5240.02  9753  
5240.032  9747  
5240.042  9738  
5240.054  9729  
5240.064  9724  
5240.076  9721  
5240.086  9721  
5240.098  9724  
5240.108  9727  
5240.118  9729  
5240.13  9730  
5240.14  9734  
5240.152  9743  
5240.162  9756  
5240.174  9776  
5240.184  9796  
5240.194  9816  
5240.206  9839  
5240.216  9854  
5240.228  9869  
5240.238  9875  
5240.25  9881  
5240.26  9884  
5240.27  9877  
5240.282  9849  
5240.292  9806  
5240.304  9721  
5240.314  9602  
5240.326  9443  
5240.336  9323  
5240.348  9236  
5240.358  9255  
5240.368  9332  
5240.38  9451  
5240.39  9522  
5240.402  9535  
5240.412  9477  
5240.424  9336  
5240.434  9181  
5240.444  9005  
5240.456  8854  
5240.466  8827  
5240.478  8910  
5240.488  9062  
5240.5  9269  
5240.51  9427  
5240.52  9543  
5240.532  9649  
5240.542  9711  
5240.554  9764  
5240.564  9795  
5240.576  9821  
5240.586  9835  
5240.598  9848  
5240.608  9856  
5240.618  9860  
5240.63  9866  
5240.64  9873  
5240.652  9881  
5240.662  9888  
5240.674  9893  
5240.684  9896  
5240.694  9898  
5240.706  9898  
5240.716  9894  
5240.728  9887  
5240.738  9880  
5240.75  9872  
5240.76  9864  
5240.77  9851  
5240.782  9826  
5240.792  9794  
5240.804  9745  
5240.814  9689  
5240.826  9613  
5240.836  9552  
5240.848  9495  
5240.858  9469  
5240.868  9465  
5240.88  9481  
5240.89  9511  
5240.902  9554  
5240.912  9595  
5240.924  9654  
5240.934  9705  
5240.944  9751  
5240.956  9798  
5240.966  9831  
5240.978  9860  
5240.988  9877  
5241.0  9892  
5241.01  9899  
5241.02  9905  
5241.032  9907  
5241.042  9907  
5241.054  9905  
5241.064  9901  
5241.076  9894  
5241.086  9887  
5241.098  9877  
5241.108  9870  
5241.118  9865  
5241.13  9862  
5241.14  9863  
5241.152  9865  
5241.162  9870  
5241.174  9878  
5241.184  9887  
5241.194  9894  
5241.206  9902  
5241.216  9906  
5241.228  9908  
5241.238  9911  
5241.25  9912  
5241.26  9912  
5241.27  9910  
5241.282  9909  
5241.292  9906  
5241.304  9901  
5241.314  9896  
5241.326  9892  
5241.336  9891  
5241.348  9893  
5241.358  9891  
5241.368  9884  
5241.38  9861  
5241.39  9828  
5241.402  9773  
5241.412  9708  
5241.424  9612  
5241.434  9537  
5241.444  9496  
5241.456  9493  
5241.466  9539  
5241.478  9622  
5241.488  9698  
5241.5  9771  
5241.51  9814  
5241.52  9843  
5241.532  9867  
5241.542  9880  
5241.554  9886  
5241.564  9887  
5241.576  9886  
5241.586  9884  
5241.598  9884  
5241.608  9885  
5241.618  9889  
5241.63  9895  
5241.64  9899  
5241.652  9904  
5241.662  9907  
5241.674  9909  
5241.684  9908  
5241.694  9905  
5241.706  9902  
5241.716  9900  
5241.728  9896  
5241.738  9890  
5241.75  9883  
5241.76  9879  
5241.77  9877  
5241.782  9877  
5241.792  9875  
5241.804  9869  
5241.814  9857  
5241.826  9832  
5241.836  9797  
5241.848  9730  
5241.858  9645  
5241.868  9526  
5241.88  9349  
5241.89  9215  
5241.902  9123  
5241.912  9123  
5241.924  9217  
5241.934  9321  
5241.944  9414  
5241.956  9492  
5241.966  9498  
5241.978  9426  
5241.988  9306  
5242.0  9092  
5242.01  8861  
5242.02  8615  
5242.032  8367  
5242.042  8241  
5242.054  8211  
5242.064  8319  
5242.076  8557  
5242.086  8780  
5242.098  9052  
5242.108  9239  
5242.118  9375  
5242.13  9516  
5242.14  9603  
5242.152  9676  
5242.162  9719  
5242.174  9755  
5242.184  9774  
5242.194  9785  
5242.206  9790  
5242.216  9789  
5242.228  9789  
5242.238  9790  
5242.25  9792  
5242.26  9793  
5242.27  9792  
5242.282  9787  
5242.292  9780  
5242.304  9772  
5242.314  9760  
5242.326  9736  
5242.336  9708  
5242.348  9661  
5242.358  9596  
5242.368  9495  
5242.38  9329  
5242.39  9116  
5242.402  8703  
5242.412  8203  
5242.424  7334  
5242.434  6420  
5242.444  5423  
5242.456  4237  
5242.466  3382  
5242.478  2697  
5242.488  2442  
5242.5  2477  
5242.51  2875  
5242.52  3717  
5242.532  5140  
5242.542  6326  
5242.554  7460  
5242.564  8131  
5242.576  8680  
5242.586  9002  
5242.598  9259  
5242.608  9413  
5242.618  9532  
5242.63  9637  
5242.64  9698  
5242.652  9750  
5242.662  9780  
5242.674  9805  
5242.684  9820  
5242.694  9831  
5242.706  9839  
5242.716  9842  
5242.728  9841  
5242.738  9839  
5242.75  9835  
5242.76  9831  
5242.77  9828  
5242.782  9825  
5242.792  9824  
5242.804  9823  
5242.814  9824  
5242.826  9825  
5242.836  9830  
5242.848  9837  
5242.858  9843  
5242.868  9847  
5242.88  9850  
5242.89  9851  
5242.902  9853  
5242.912  9855  
5242.924  9857  
5242.934  9859  
5242.944  9863  
5242.956  9866  
5242.966  9867  
5242.978  9866  
5242.988  9864  
5243.0  9861  
5243.01  9856  
5243.02  9852  
5243.032  9845  
5243.042  9833  
5243.054  9809  
5243.064  9778  
5243.076  9724  
5243.086  9661  
5243.098  9550  
5243.108  9416  
5243.118  9245  
5243.13  8996  
5243.14  8793  
5243.152  8579  
5243.162  8471  
5243.174  8468  
5243.184  8553  
5243.194  8711  
5243.206  8939  
5243.216  9123  
5243.228  9316  
5243.238  9437  
5243.25  9532  
5243.26  9577  
5243.27  9582  
5243.282  9502  
5243.292  9370  
5243.304  9091  
5243.314  8750  
5243.326  8291  
5243.336  7935  
5243.348  7701  
5243.358  7723  
5243.368  7949  
5243.38  8348  
5243.39  8678  
5243.402  8970  
5243.412  9110  
5243.424  9174  
5243.434  9153  
5243.444  9126  
5243.456  9138  
5243.466  9180  
5243.478  9281  
5243.488  9382  
5243.5  9492  
5243.51  9564  
5243.52  9622  
5243.532  9670  
5243.542  9704  
5243.554  9740  
5243.564  9765  
5243.576  9789  
5243.586  9803  
5243.598  9807  
5243.608  9800  
5243.618  9781  
5243.63  9744  
5243.64  9700  
5243.652  9637  
5243.662  9567  
5243.674  9453  
5243.684  9306  
5243.694  9080  
5243.706  8636  
5243.716  8115  
5243.728  7251  
5243.738  6407  
5243.75  5344  
5243.76  4560  
5243.77  3989  
5243.782  3770  
5243.792  4065  
5243.804  4989  
5243.814  6008  
5243.826  7158  
5243.836  7908  
5243.848  8550  
5243.858  8928  
5243.868  9202  
5243.88  9419  
5243.89  9545  
5243.902  9649  
5243.912  9708  
5243.924  9759  
5243.934  9791  
5243.944  9814  
5243.956  9834  
5243.966  9846  
5243.978  9853  
5243.988  9857  
5244.0  9863  
5244.01  9870  
5244.02  9876  
5244.032  9880  
5244.042  9882  
5244.054  9884  
5244.064  9886  
5244.076  9889  
5244.086  9891  
5244.098  9892  
5244.108  9892  
5244.118  9893  
5244.13  9892  
5244.14  9889  
5244.152  9883  
5244.162  9875  
5244.174  9869  
5244.184  9865  
5244.194  9862  
5244.206  9858  
5244.216  9857  
5244.228  9859  
5244.238  9864  
5244.25  9872  
5244.26  9878  
5244.27  9881  
5244.282  9884  
5244.292  9885  
5244.304  9885  
5244.314  9883  
5244.326  9879  
5244.336  9876  
5244.348  9869  
5244.358  9863  
5244.368  9855  
5244.38  9844  
5244.39  9835  
5244.402  9826  
5244.412  9820  
5244.424  9814  
5244.434  9805  
5244.444  9794  
5244.456  9777  
5244.466  9759  
5244.478  9729  
5244.488  9699  
5244.5  9662  
5244.51  9633  
5244.52  9612  
5244.532  9604  
5244.542  9611  
5244.554  9631  
5244.564  9652  
5244.576  9681  
5244.586  9704  
5244.598  9729  
5244.608  9749  
5244.618  9766  
5244.63  9783  
5244.64  9794  
5244.652  9806  
5244.662  9815  
5244.674  9824  
5244.684  9831  
5244.694  9836  
5244.706  9839  
5244.716  9841  
5244.728  9844  
5244.738  9846  
5244.75  9851  
5244.76  9853  
5244.77  9853  
5244.782  9851  
5244.792  9849  
5244.804  9848  
5244.814  9848  
5244.826  9847  
5244.836  9846  
5244.848  9841  
5244.858  9834  
5244.868  9822  
5244.88  9803  
5244.89  9782  
5244.902  9756  
5244.912  9740  
5244.924  9734  
5244.934  9738  
5244.944  9752  
5244.956  9777  
5244.966  9801  
5244.978  9828  
5244.988  9845  
5245.0  9858  
5245.01  9864  
5245.02  9870  
5245.032  9875  
5245.042  9877  
5245.054  9875  
5245.064  9873  
5245.076  9868  
5245.086  9864  
5245.098  9862  
5245.108  9862  
5245.118  9863  
5245.13  9866  
5245.14  9867  
5245.152  9865  
5245.162  9861  
5245.174  9859  
5245.184  9861  
5245.194  9867  
5245.206  9873  
5245.216  9878  
5245.228  9883  
5245.238  9885  
5245.25  9887  
5245.26  9887  
5245.27  9887  
5245.282  9887  
5245.292  9886  
5245.304  9884  
5245.314  9883  
5245.326  9883  
5245.336  9883  
5245.348  9882  
5245.358  9882  
5245.368  9883  
5245.38  9883  
5245.39  9883  
5245.402  9882  
5245.412  9882  
5245.424  9880  
5245.434  9878  
5245.444  9876  
5245.456  9873  
5245.466  9868  
5245.478  9859  
5245.488  9851  
5245.5  9839  
5245.51  9827  
5245.52  9814  
5245.532  9793  
5245.542  9765  
5245.554  9716  
5245.564  9657  
5245.576  9552  
5245.586  9441  
5245.598  9294  
5245.608  9200  
5245.618  9161  
5245.63  9193  
5245.64  9284  
5245.652  9424  
5245.662  9512  
5245.674  9567  
5245.684  9550  
5245.694  9479  
5245.706  9351  
5245.716  9255  
5245.728  9209  
5245.738  9241  
5245.75  9373  
5245.76  9499  
5245.77  9610  
5245.782  9709  
5245.792  9758  
5245.804  9793  
5245.814  9812  
5245.826  9827  
5245.836  9834  
5245.848  9842  
5245.858  9851  
5245.868  9862  
5245.88  9873  
5245.89  9878  
5245.902  9876  
5245.912  9869  
5245.924  9849  
5245.934  9819  
5245.944  9779  
5245.956  9712  
5245.966  9642  
5245.978  9569  
5245.988  9540  
5246.0  9542  
5246.01  9573  
5246.02  9623  
5246.032  9677  
5246.042  9708  
5246.054  9727  
5246.064  9725  
5246.076  9709  
5246.086  9686  
5246.098  9656  
5246.108  9634  
5246.118  9625  
5246.13  9633  
5246.14  9660  
5246.152  9708  
5246.162  9755  
5246.174  9802  
5246.184  9832  
5246.194  9853  
5246.206  9865  
5246.216  9869  
5246.228  9868  
5246.238  9865  
5246.25  9860  
5246.26  9856  
5246.27  9851  
5246.282  9846  
5246.292  9839  
5246.304  9832  
5246.314  9825  
5246.326  9815  
5246.336  9807  
5246.348  9800  
5246.358  9800  
5246.368  9804  
5246.38  9814  
5246.39  9824  
5246.402  9834  
5246.412  9842  
5246.424  9848  
5246.434  9850  
5246.444  9849  
5246.456  9842  
5246.466  9831  
5246.478  9806  
5246.488  9770  
5246.5  9699  
5246.51  9615  
5246.52  9510  
5246.532  9379  
5246.542  9302  
5246.554  9286  
5246.564  9344  
5246.576  9458  
5246.586  9540  
5246.598  9593  
5246.608  9611  
5246.618  9607  
5246.63  9594  
5246.64  9592  
5246.652  9607  
5246.662  9628  
5246.674  9651  
5246.684  9647  
5246.694  9605  
5246.706  9481  
5246.716  9296  
5246.728  8989  
5246.738  8677  
5246.75  8342  
5246.76  8168  
5246.77  8125  
5246.782  8275  
5246.792  8508  
5246.804  8836  
5246.814  9080  
5246.826  9320  
5246.836  9468  
5246.848  9592  
5246.858  9668  
5246.868  9719  
5246.88  9758  
5246.89  9777  
5246.902  9791  
5246.912  9793  
5246.924  9784  
5246.934  9766  
5246.944  9729  
5246.956  9635  
5246.966  9486  
5246.978  9110  
5246.988  8530  
5247.0  7386  
5247.01  6152  
5247.02  4874  
5247.032  3620  
5247.042  2995  
5247.054  2791  
5247.064  3061  
5247.076  4229  
5247.086  5635  
5247.098  7252  
5247.108  8205  
5247.118  8822  
5247.13  9261  
5247.14  9477  
5247.152  9625  
5247.162  9699  
5247.174  9752  
5247.184  9776  
5247.194  9784  
5247.206  9767  
5247.216  9733  
5247.228  9655  
5247.238  9551  
5247.25  9352  
5247.26  9154  
5247.27  8975  
5247.282  8834  
5247.292  8839  
5247.304  8973  
5247.314  9162  
5247.326  9375  
5247.336  9525  
5247.348  9639  
5247.358  9699  
5247.368  9743  
5247.38  9778  
5247.39  9791  
5247.402  9796  
5247.412  9793  
5247.424  9775  
5247.434  9746  
5247.444  9701  
5247.456  9608  
5247.466  9469  
5247.478  9140  
5247.488  8682  
5247.5  7788  
5247.51  6779  
5247.52  5649  
5247.532  4331  
5247.542  3440  
5247.554  2752  
5247.564  2498  
5247.576  2541  
5247.586  2992  
5247.598  4094  
5247.608  5307  
5247.618  6504  
5247.63  7674  
5247.64  8355  
5247.652  8905  
5247.662  9208  
5247.674  9444  
5247.684  9575  
5247.694  9664  
5247.706  9734  
5247.716  9772  
5247.728  9804  
5247.738  9823  
5247.75  9841  
5247.76  9850  
5247.77  9856  
5247.782  9857  
5247.792  9851  
5247.804  9832  
5247.814  9802  
5247.826  9746  
5247.836  9664  
5247.848  9506  
5247.858  9326  
5247.868  9122  
5247.88  8895  
5247.89  8757  
5247.902  8666  
5247.912  8635  
5247.924  8643  
5247.934  8675  
5247.944  8747  
5247.956  8910  
5247.966  9086  
5247.978  9324  
5247.988  9488  
5248.0  9626  
5248.01  9708  
5248.02  9758  
5248.032  9800  
5248.042  9824  
5248.054  9844  
5248.064  9856  
5248.076  9870  
5248.086  9881  
5248.098  9893  
5248.108  9900  
5248.118  9905  
5248.13  9908  
5248.14  9909  
5248.152  9908  
5248.162  9908  
5248.174  9906  
5248.184  9904  
5248.194  9903  
5248.206  9904  
5248.216  9905  
5248.228  9905  
5248.238  9907  
5248.25  9907  
5248.26  9903  
5248.27  9894  
5248.282  9874  
5248.292  9846  
5248.304  9793  
5248.314  9722  
5248.326  9605  
5248.336  9486  
5248.348  9331  
5248.358  9237  
5248.368  9198  
5248.38  9241  
5248.39  9326  
5248.402  9471  
5248.412  9576  
5248.424  9684  
5248.434  9750  
5248.444  9800  
5248.456  9841  
5248.466  9864  
5248.478  9881  
5248.488  9891  
5248.5  9899  
5248.51  9902  
5248.52  9903  
5248.532  9905  
5248.542  9906  
5248.554  9907  
5248.564  9907  
5248.576  9904  
5248.586  9903  
5248.598  9903  
5248.608  9901  
5248.618  9901  
5248.63  9901  
5248.64  9902  
5248.652  9904  
5248.662  9906  
5248.674  9907  
5248.684  9907  
5248.694  9906  
5248.706  9904  
5248.716  9901  
5248.728  9899  
5248.738  9897  
5248.75  9894  
5248.76  9890  
5248.77  9886  
5248.782  9881  
5248.792  9880  
5248.804  9883  
5248.814  9886  
5248.826  9887  
5248.836  9889  
5248.848  9890  
5248.858  9891  
5248.868  9888  
5248.88  9878  
5248.89  9859  
5248.902  9821  
5248.912  9770  
5248.924  9660  
5248.934  9519  
5248.944  9338  
5248.956  9107  
5248.966  8972  
5248.978  8912  
5248.988  8940  
5249.0  9014  
5249.01  9060  
5249.02  9050  
5249.032  8946  
5249.042  8751  
5249.054  8392  
5249.064  7941  
5249.076  7308  
5249.086  6845  
5249.098  6537  
5249.108  6593  
5249.118  6953  
5249.13  7602  
5249.14  8188  
5249.152  8737  
5249.162  9076  
5249.174  9350  
5249.184  9507  
5249.194  9617  
5249.206  9707  
5249.216  9754  
5249.228  9793  
5249.238  9812  
5249.25  9826  
5249.26  9830  
5249.27  9831  
5249.282  9830  
5249.292  9829  
5249.304  9821  
5249.314  9810  
5249.326  9790  
5249.336  9765  
5249.348  9716  
5249.358  9653  
5249.368  9555  
5249.38  9388  
5249.39  9202  
5249.402  8954  
5249.412  8775  
5249.424  8648  
5249.434  8651  
5249.444  8737  
5249.456  8935  
5249.466  9103  
5249.478  9282  
5249.488  9391  
5249.5  9475  
5249.51  9499  
5249.52  9468  
5249.532  9342  
5249.542  9164  
5249.554  8879  
5249.564  8660  
5249.576  8540  
5249.586  8611  
5249.598  8818  
5249.608  8998  
5249.618  9126  
5249.63  9193  
5249.64  9211  
5249.652  9197  
5249.662  9172  
5249.674  9147  
5249.684  9142  
5249.694  9152  
5249.706  9178  
5249.716  9206  
5249.728  9244  
5249.738  9272  
5249.75  9306  
5249.76  9335  
5249.77  9364  
5249.782  9400  
5249.792  9430  
5249.804  9463  
5249.814  9489  
5249.826  9521  
5249.836  9546  
5249.848  9573  
5249.858  9596  
5249.868  9614  
5249.88  9632  
5249.89  9641  
5249.902  9646  
5249.912  9644  
5249.924  9629  
5249.934  9601  
5249.944  9561  
5249.956  9496  
5249.966  9432  
5249.978  9369  
5249.988  9336  
5250.0  9328  
5250.01  9351  
5250.02  9394  
5250.032  9468  
5250.042  9535  
5250.054  9601  
5250.064  9642  
5250.076  9670  
5250.086  9675  
5250.098  9651  
5250.108  9603  
5250.118  9510  
5250.13  9293  
5250.14  8906  
5250.152  8071  
5250.162  7031  
5250.174  5543  
5250.184  4361  
5250.194  3470  
5250.206  2909  
5250.216  2882  
5250.228  3523  
5250.238  4672  
5250.25  6353  
5250.26  7565  
5250.27  8389  
5250.282  8982  
5250.292  9273  
5250.304  9471  
5250.314  9567  
5250.326  9642  
5250.336  9679  
5250.348  9709  
5250.358  9727  
5250.368  9741  
5250.38  9754  
5250.39  9759  
5250.402  9761  
5250.412  9759  
5250.424  9749  
5250.434  9738  
5250.444  9726  
5250.456  9709  
5250.466  9690  
5250.478  9659  
5250.488  9624  
5250.5  9567  
5250.51  9498  
5250.52  9401  
5250.532  9239  
5250.542  9018  
5250.554  8589  
5250.564  8036  
5250.576  7088  
5250.586  6107  
5250.598  4802  
5250.608  3786  
5250.618  2960  
5250.63  2342  
5250.64  2100  
5250.652  2035  
5250.662  2179  
5250.674  2805  
5250.684  3827  
5250.694  5106  
5250.706  6517  
5250.716  7385  
5250.728  8087  
5250.738  8475  
5250.75  8802  
5250.76  8982  
5250.77  9094  
5250.782  9167  
5250.792  9204  
5250.804  9234  
5250.814  9259  
5250.826  9298  
5250.836  9333  
5250.848  9367  
5250.858  9376  
5250.868  9361  
5250.88  9307  
5250.89  9242  
5250.902  9162  
5250.912  9121  
5250.924  9122  
5250.934  9162  
5250.944  9234  
5250.956  9332  
5250.966  9401  
5250.978  9463  
5250.988  9503  
5251.0  9541  
5251.01  9563  
5251.02  9582  
5251.032  9604  
5251.042  9623  
5251.054  9644  
5251.064  9662  
5251.076  9683  
5251.086  9696  
5251.098  9705  
5251.108  9708  
5251.118  9711  
5251.13  9714  
5251.14  9719  
5251.152  9722  
5251.162  9722  
5251.174  9718  
5251.184  9714  
5251.194  9715  
5251.206  9720  
5251.216  9731  
5251.228  9747  
5251.238  9762  
5251.25  9777  
5251.26  9787  
5251.27  9794  
5251.282  9802  
5251.292  9807  
5251.304  9812  
5251.314  9817  
5251.326  9818  
5251.336  9817  
5251.348  9816  
5251.358  9816  
5251.368  9815  
5251.38  9816  
5251.39  9819  
5251.402  9819  
5251.412  9814  
5251.424  9798  
5251.434  9773  
5251.444  9736  
5251.456  9681  
5251.466  9644  
5251.478  9624  
5251.488  9633  
5251.5  9663  
5251.51  9696  
5251.52  9723  
5251.532  9740  
5251.542  9738  
5251.554  9719  
5251.564  9698  
5251.576  9671  
5251.586  9660  
5251.598  9663  
5251.608  9678  
5251.618  9705  
5251.63  9744  
5251.64  9777  
5251.652  9810  
5251.662  9831  
5251.674  9848  
5251.684  9856  
5251.694  9863  
5251.706  9868  
5251.716  9871  
5251.728  9873  
5251.738  9874  
5251.75  9874  
5251.76  9875  
5251.77  9874  
5251.782  9871  
5251.792  9868  
5251.804  9864  
5251.814  9858  
5251.826  9850  
5251.836  9839  
5251.848  9818  
5251.858  9787  
5251.868  9737  
5251.88  9644  
5251.89  9467  
5251.902  9065  
5251.912  8497  
5251.924  7562  
5251.934  6661  
5251.944  5810  
5251.956  5064  
5251.966  4885  
5251.978  5267  
5251.988  5997  
5252.0  6989  
5252.01  7713  
5252.02  8255  
5252.032  8681  
5252.042  8844  
5252.054  8811  
5252.064  8576  
5252.076  8119  
5252.086  7772  
5252.098  7602  
5252.108  7767  
5252.118  8153  
5252.13  8727  
5252.14  9133  
5252.152  9454  
5252.162  9611  
5252.174  9722  
5252.184  9779  
5252.194  9815  
5252.206  9846  
5252.216  9863  
5252.228  9877  
5252.238  9886  
5252.25  9896  
5252.26  9901  
5252.27  9902  
5252.282  9899  
5252.292  9893  
5252.304  9888  
5252.314  9884  
5252.326  9877  
5252.336  9869  
5252.348  9856  
5252.358  9844  
5252.368  9833  
5252.38  9822  
5252.39  9818  
5252.402  9819  
5252.412  9825  
5252.424  9837  
5252.434  9848  
5252.444  9858  
5252.456  9868  
5252.466  9874  
5252.478  9877  
5252.488  9876  
5252.5  9874  
5252.51  9875  
5252.52  9879  
5252.532  9882  
5252.542  9885  
5252.554  9881  
5252.564  9878  
5252.576  9872  
5252.586  9866  
5252.598  9858  
5252.608  9848  
5252.618  9833  
5252.63  9810  
5252.64  9790  
5252.652  9775  
5252.662  9775  
5252.674  9788  
5252.684  9808  
5252.694  9828  
5252.706  9849  
5252.716  9862  
5252.728  9873  
5252.738  9878  
5252.75  9882  
5252.76  9881  
5252.77  9878  
5252.782  9870  
5252.792  9859  
5252.804  9845  
5252.814  9838  
5252.826  9838  
5252.836  9843  
5252.848  9852  
5252.858  9860  
5252.868  9866  
5252.88  9869  
5252.89  9867  
5252.902  9859  
5252.912  9848  
5252.924  9829  
5252.934  9800  
5252.944  9751  
5252.956  9653  
5252.966  9489  
5252.978  9127  
5252.988  8708  
5253.0  8114  
5253.01  7728  
5253.02  7579  
5253.032  7791  
5253.042  8209  
5253.054  8774  
5253.064  9157  
5253.076  9458  
5253.086  9610  
5253.098  9712  
5253.108  9759  
5253.118  9788  
5253.13  9812  
5253.14  9820  
5253.152  9819  
5253.162  9812  
5253.174  9795  
5253.184  9771  
5253.194  9741  
5253.206  9698  
5253.216  9666  
5253.228  9635  
5253.238  9620  
5253.25  9609  
5253.26  9609  
5253.27  9610  
5253.282  9612  
5253.292  9609  
5253.304  9594  
5253.314  9572  
5253.326  9531  
5253.336  9483  
5253.348  9397  
5253.358  9284  
5253.368  9092  
5253.38  8691  
5253.39  8203  
5253.402  7357  
5253.412  6463  
5253.424  5290  
5253.434  4336  
5253.444  3521  
5253.456  2870  
5253.466  2723  
5253.478  3021  
5253.488  3796  
5253.5  5179  
5253.51  6321  
5253.52  7274  
5253.532  8057  
5253.542  8515  
5253.554  8906  
5253.564  9134  
5253.576  9322  
5253.586  9435  
5253.598  9521  
5253.608  9561  
5253.618  9587  
5253.63  9601  
5253.64  9605  
5253.652  9606  
5253.662  9610  
5253.674  9621  
5253.684  9638  
5253.694  9657  
5253.706  9679  
5253.716  9692  
5253.728  9701  
5253.738  9706  
5253.75  9709  
5253.76  9711  
5253.77  9712  
5253.782  9713  
5253.792  9713  
5253.804  9708  
5253.814  9702  
5253.826  9692  
5253.836  9680  
5253.848  9662  
5253.858  9642  
5253.868  9614  
5253.88  9569  
5253.89  9521  
5253.902  9450  
5253.912  9377  
5253.924  9289  
5253.934  9235  
5253.944  9207  
5253.956  9210  
5253.966  9239  
5253.978  9303  
5253.988  9365  
5254.0  9433  
5254.01  9476  
5254.02  9515  
5254.032  9556  
5254.042  9591  
5254.054  9629  
5254.064  9657  
5254.076  9689  
5254.086  9711  
5254.098  9731  
5254.108  9743  
5254.118  9755  
5254.13  9766  
5254.14  9773  
5254.152  9778  
5254.162  9779  
5254.174  9780  
5254.184  9780  
5254.194  9781  
5254.206  9784  
5254.216  9786  
5254.228  9787  
5254.238  9790  
5254.25  9797  
5254.26  9803  
5254.27  9812  
5254.282  9821  
5254.292  9829  
5254.304  9834  
5254.314  9835  
5254.326  9833  
5254.336  9830  
5254.348  9829  
5254.358  9830  
5254.368  9832  
5254.38  9837  
5254.39  9840  
5254.402  9844  
5254.412  9843  
5254.424  9835  
5254.434  9824  
5254.444  9810  
5254.456  9786  
5254.466  9766  
5254.478  9745  
5254.488  9734  
5254.5  9730  
5254.51  9733  
5254.52  9739  
5254.532  9748  
5254.542  9753  
5254.554  9750  
5254.564  9735  
5254.576  9698  
5254.586  9651  
5254.598  9560  
5254.608  9465  
5254.618  9378  
5254.63  9281  
5254.64  9229  
5254.652  9233  
5254.662  9291  
5254.674  9391  
5254.684  9485  
5254.694  9576  
5254.706  9651  
5254.716  9687  
5254.728  9705  
5254.738  9694  
5254.75  9652  
5254.76  9604  
5254.77  9558  
5254.782  9507  
5254.792  9463  
5254.804  9404  
5254.814  9339  
5254.826  9187  
5254.836  8918  
5254.848  8417  
5254.858  7790  
5254.868  7044  
5254.88  6075  
5254.89  5256  
5254.902  4349  
5254.912  3644  
5254.924  2942  
5254.934  2513  
5254.944  2268  
5254.956  2194  
5254.966  2360  
5254.978  3161  
5254.988  4406  
5255.0  6106  
5255.01  7242  
5255.02  7991  
5255.032  8458  
5255.042  8554  
5255.054  8385  
5255.064  7977  
5255.076  7312  
5255.086  6704  
5255.098  6076  
5255.108  5823  
5255.118  5929  
5255.13  6489  
5255.14  7166  
5255.152  7974  
5255.162  8485  
5255.174  8942  
5255.184  9186  
5255.194  9330  
5255.206  9392  
5255.216  9346  
5255.228  9181  
5255.238  8904  
5255.25  8448  
5255.26  8035  
5255.27  7633  
5255.282  7241  
5255.292  7013  
5255.304  6857  
5255.314  6809  
5255.326  6867  
5255.336  7023  
5255.348  7399  
5255.358  7805  
5255.368  8266  
5255.38  8784  
5255.39  9123  
5255.402  9400  
5255.412  9547  
5255.424  9665  
5255.434  9711  
5255.444  9724  
5255.456  9687  
5255.466  9590  
5255.478  9395  
5255.488  9189  
5255.5  8950  
5255.51  8880  
5255.52  8968  
5255.532  9189  
5255.542  9373  
5255.554  9557  
5255.564  9645  
5255.576  9674  
5255.586  9644  
5255.598  9526  
5255.608  9328  
5255.618  9052  
5255.63  8613  
5255.64  8217  
5255.652  7871  
5255.662  7749  
5255.674  7781  
5255.684  7816  
5255.694  7762  
5255.706  7528  
5255.716  7295  
5255.728  7156  
5255.738  7254  
5255.75  7579  
5255.76  7892  
5255.77  8131  
5255.782  8261  
5255.792  8331  
5255.804  8433  
5255.814  8604  
5255.826  8899  
5255.836  9156  
5255.848  9394  
5255.858  9541  
5255.868  9645  
5255.88  9724  
5255.89  9761  
5255.902  9786  
5255.912  9798  
5255.924  9809  
5255.934  9818  
5255.944  9829  
5255.956  9842  
5255.966  9853  
5255.978  9860  
5255.988  9864  
5256.0  9868  
5256.01  9871  
5256.02  9877  
5256.032  9880  
5256.042  9881  
5256.054  9882  
5256.064  9884  
5256.076  9890  
5256.086  9893  
5256.098  9893  
5256.108  9890  
5256.118  9885  
5256.13  9883  
5256.14  9881  
5256.152  9883  
5256.162  9884  
5256.174  9884  
5256.184  9884  
5256.194  9883  
5256.206  9881  
5256.216  9878  
5256.228  9875  
5256.238  9874  
5256.25  9877  
5256.26  9879  
5256.27  9881  
5256.282  9882  
5256.292  9885  
5256.304  9888  
5256.314  9889  
5256.326  9889  
5256.336  9887  
5256.348  9884  
5256.358  9884  
5256.368  9884  
5256.38  9882  
5256.39  9882  
5256.402  9883  
5256.412  9885  
5256.424  9887  
5256.434  9888  
5256.444  9888  
5256.456  9887  
5256.466  9886  
5256.478  9888  
5256.488  9888  
5256.5  9889  
5256.51  9890  
5256.52  9890  
5256.532  9888  
5256.542  9883  
5256.554  9876  
5256.564  9872  
5256.576  9868  
5256.586  9865  
5256.598  9862  
5256.608  9861  
5256.618  9859  
5256.63  9854  
5256.64  9848  
5256.652  9838  
5256.662  9830  
5256.674  9821  
5256.684  9818  
5256.694  9821  
5256.706  9832  
5256.716  9845  
5256.728  9858  
5256.738  9866  
5256.75  9871  
5256.76  9875  
5256.77  9879  
5256.782  9882  
5256.792  9876  
5256.804  9864  
5256.814  9847  
5256.826  9815  
5256.836  9773  
5256.848  9694  
5256.858  9574  
5256.868  9371  
5256.88  9031  
5256.89  8683  
5256.902  8260  
5256.912  7960  
5256.924  7764  
5256.934  7774  
5256.944  7920  
5256.956  8245  
5256.966  8535  
5256.978  8868  
5256.988  9102  
5257.0  9311  
5257.01  9432  
5257.02  9515  
5257.032  9563  
5257.042  9581  
5257.054  9589  
5257.064  9597  
5257.076  9619  
5257.086  9652  
5257.098  9704  
5257.108  9744  
5257.118  9781  
5257.13  9821  
5257.14  9846  
5257.152  9865  
5257.162  9877  
5257.174  9887  
5257.184  9894  
5257.194  9898  
5257.206  9899  
5257.216  9899  
5257.228  9894  
5257.238  9886  
5257.25  9874  
5257.26  9857  
5257.27  9834  
5257.282  9799  
5257.292  9764  
5257.304  9726  
5257.314  9707  
5257.326  9705  
5257.336  9718  
5257.348  9745  
5257.358  9772  
5257.368  9797  
5257.38  9822  
5257.39  9840  
5257.402  9856  
5257.412  9863  
5257.424  9867  
5257.434  9867  
5257.444  9868  
5257.456  9866  
5257.466  9865  
5257.478  9862  
5257.488  9857  
5257.5  9841  
5257.51  9816  
5257.52  9774  
5257.532  9697  
5257.542  9600  
5257.554  9443  
5257.564  9268  
5257.576  9050  
5257.586  8839  
5257.598  8577  
5257.608  8336  
5257.618  8084  
5257.63  7800  
5257.64  7668  
5257.652  7730  
5257.662  7975  
5257.674  8411  
5257.684  8803  
5257.694  9131  
5257.706  9402  
5257.716  9564  
5257.728  9680  
5257.738  9740  
5257.75  9786  
5257.76  9806  
5257.77  9816  
5257.782  9823  
5257.792  9831  
5257.804  9840  
5257.814  9849  
5257.826  9858  
5257.836  9865  
5257.848  9873  
5257.858  9879  
5257.868  9886  
5257.88  9891  
5257.89  9894  
5257.902  9896  
5257.912  9896  
5257.924  9895  
5257.934  9893  
5257.944  9892  
5257.956  9892  
5257.966  9892  
5257.978  9892  
5257.988  9896  
5258.0  9902  
5258.01  9906  
5258.02  9910  
5258.032  9911  
5258.042  9910  
5258.054  9908  
5258.064  9908  
5258.076  9899  
5258.086  9887  
5258.098  9867  
5258.108  9849  
5258.118  9834  
5258.13  9823  
5258.14  9826  
5258.152  9837  
5258.162  9849  
5258.174  9862  
5258.184  9870  
5258.194  9874  
5258.206  9874  
5258.216  9873  
5258.228  9869  
5258.238  9864  
5258.25  9854  
5258.26  9840  
5258.27  9821  
5258.282  9801  
5258.292  9789  
5258.304  9780  
5258.314  9775  
5258.326  9774  
5258.336  9779  
5258.348  9792  
5258.358  9808  
5258.368  9826  
5258.38  9846  
5258.39  9859  
5258.402  9868  
5258.412  9872  
5258.424  9873  
5258.434  9870  
5258.444  9868  
5258.456  9866  
5258.466  9866  
5258.478  9870  
5258.488  9876  
5258.5  9886  
5258.51  9891  
5258.52  9897  
5258.532  9902  
5258.542  9903  
5258.554  9903  
5258.564  9900  
5258.576  9891  
5258.586  9880  
5258.598  9867  
5258.608  9854  
5258.618  9843  
5258.63  9831  
5258.64  9820  
5258.652  9802  
5258.662  9787  
5258.674  9770  
5258.684  9756  
5258.694  9738  
5258.706  9704  
5258.716  9668  
5258.728  9616  
5258.738  9568  
5258.75  9512  
5258.76  9466  
5258.77  9425  
5258.782  9380  
5258.792  9344  
5258.804  9305  
5258.814  9272  
5258.826  9245  
5258.836  9238  
5258.848  9253  
5258.858  9287  
5258.868  9335  
5258.88  9393  
5258.89  9443  
5258.902  9493  
5258.912  9530  
5258.924  9572  
5258.934  9604  
5258.944  9635  
5258.956  9672  
5258.966  9700  
5258.978  9729  
5258.988  9747  
5259.0  9762  
5259.01  9769  
5259.02  9770  
5259.032  9761  
5259.042  9745  
5259.054  9715  
5259.064  9683  
5259.076  9648  
5259.086  9633  
5259.098  9635  
5259.108  9653  
5259.118  9682  
5259.13  9717  
5259.14  9741  
5259.152  9764  
5259.162  9779  
5259.174  9795  
5259.184  9806  
5259.194  9819  
5259.206  9832  
5259.216  9841  
5259.228  9851  
5259.238  9859  
5259.25  9870  
5259.26  9877  
5259.27  9882  
5259.282  9884  
5259.292  9884  
5259.304  9880  
5259.314  9872  
5259.326  9857  
5259.336  9840  
5259.348  9818  
5259.358  9801  
5259.368  9784  
5259.38  9758  
5259.39  9723  
5259.402  9667  
5259.412  9601  
5259.424  9486  
5259.434  9370  
5259.444  9233  
5259.456  9084  
5259.466  9026  
5259.478  9060  
5259.488  9177  
5259.5  9361  
5259.51  9500  
5259.52  9616  
5259.532  9718  
5259.542  9767  
5259.554  9808  
5259.564  9833  
5259.576  9855  
5259.586  9869  
5259.598  9885  
5259.608  9894  
5259.618  9901  
5259.63  9901  
5259.64  9895  
5259.652  9877  
5259.662  9851  
5259.674  9808  
5259.684  9759  
5259.694  9703  
5259.706  9631  
5259.716  9570  
5259.728  9514  
5259.738  9561  
5259.75  9641  
5259.76  9710  
5259.77  9771  
5259.782  9813  
5259.792  9832  
5259.804  9841  
5259.814  9842  
5259.826  9841  
5259.836  9843  
5259.848  9847  
5259.858  9853  
5259.868  9855  
5259.88  9852  
5259.89  9834  
5259.902  9787  
5259.912  9710  
5259.924  9593  
5259.934  9465  
5259.944  9341  
5259.956  9208  
5259.966  9161  
5259.978  9191  
5259.988  9275  
5260.0  9432  
5260.01  9553  
5260.02  9650  
5260.032  9742  
5260.042  9793  
5260.054  9830  
5260.064  9848  
5260.076  9861  
5260.086  9863  
5260.098  9857  
5260.108  9847  
5260.118  9837  
5260.13  9829  
5260.14  9825  
5260.152  9816  
5260.162  9804  
5260.174  9780  
5260.184  9748  
5260.194  9706  
5260.206  9645  
5260.216  9601  
5260.228  9573  
5260.238  9570  
5260.25  9591  
5260.26  9619  
5260.27  9646  
5260.282  9654  
5260.292  9609  
5260.304  9479  
5260.314  9287  
5260.326  8903  
5260.336  8463  
5260.348  7785  
5260.358  7197  
5260.368  6719  
5260.38  6443  
5260.39  6554  
5260.402  7050  
5260.412  7636  
5260.424  8321  
5260.434  8777  
5260.444  9131  
5260.456  9401  
5260.466  9552  
5260.478  9671  
5260.488  9734  
5260.5  9783  
5260.51  9804  
5260.52  9812  
5260.532  9810  
5260.542  9802  
5260.554  9786  
5260.564  9763  
5260.576  9723  
5260.586  9681  
5260.598  9617  
5260.608  9547  
5260.618  9471  
5260.63  9376  
5260.64  9310  
5260.652  9264  
5260.662  9249  
5260.674  9260  
5260.684  9285  
5260.694  9308  
5260.706  9325  
5260.716  9329  
5260.728  9327  
5260.738  9328  
5260.75  9338  
5260.76  9356  
5260.77  9389  
5260.782  9445  
5260.792  9508  
5260.804  9586  
5260.814  9649  
5260.826  9708  
5260.836  9740  
5260.848  9764  
5260.858  9777  
5260.868  9787  
5260.88  9796  
5260.89  9802  
5260.902  9808  
5260.912  9811  
5260.924  9815  
5260.934  9818  
5260.944  9820  
5260.956  9825  
5260.966  9832  
5260.978  9841  
5260.988  9848  
5261.0  9857  
5261.01  9865  
5261.02  9872  
5261.032  9879  
5261.042  9884  
5261.054  9888  
5261.064  9890  
5261.076  9893  
5261.086  9893  
5261.098  9892  
5261.108  9892  
5261.118  9888  
5261.13  9886  
5261.14  9887  
5261.152  9889  
5261.162  9889  
5261.174  9888  
5261.184  9888  
5261.194  9891  
5261.206  9890  
5261.216  9889  
5261.228  9885  
5261.238  9883  
5261.25  9874  
5261.26  9863  
5261.27  9852  
5261.282  9837  
5261.292  9828  
5261.304  9826  
5261.314  9827  
5261.326  9829  
5261.336  9830  
5261.348  9834  
5261.358  9838  
5261.368  9840  
5261.38  9840  
5261.39  9839  
5261.402  9837  
5261.412  9831  
5261.424  9812  
5261.434  9785  
5261.444  9745  
5261.456  9680  
5261.466  9621  
5261.478  9566  
5261.488  9536  
5261.5  9524  
5261.51  9527  
5261.52  9529  
5261.532  9509  
5261.542  9463  
5261.554  9367  
5261.564  9255  
5261.576  9095  
5261.586  8899  
5261.598  8586  
5261.608  8216  
5261.618  7723  
5261.63  6932  
5261.64  6137  
5261.652  5114  
5261.662  4239  
5261.674  3278  
5261.684  2684  
5261.694  2321  
5261.706  2244  
5261.716  2455  
5261.728  3147  
5261.738  4018  
5261.75  5198  
5261.76  6139  
5261.77  6983  
5261.782  7801  
5261.792  8321  
5261.804  8785  
5261.814  9060  
5261.826  9294  
5261.836  9428  
5261.848  9546  
5261.858  9619  
5261.868  9667  
5261.88  9711  
5261.89  9740  
5261.902  9765  
5261.912  9779  
5261.924  9789  
5261.934  9795  
5261.944  9798  
5261.956  9797  
5261.966  9792  
5261.978  9786  
5261.988  9779  
5262.0  9765  
5262.01  9747  
5262.02  9716  
5262.032  9652  
5262.042  9566  
5262.054  9410  
5262.064  9193  
5262.076  8765  
5262.086  8258  
5262.098  7471  
5262.108  6759  
5262.118  6017  
5262.13  5349  
5262.14  4992  
5262.152  4838  
5262.162  4761  
5262.174  4630  
5262.184  4347  
5262.194  3900  
5262.206  3255  
5262.216  2749  
5262.228  2324  
5262.238  2201  
5262.25  2355  
5262.26  2862  
5262.27  3767  
5262.282  5145  
5262.292  6256  
5262.304  7334  
5262.314  7981  
5262.326  8520  
5262.336  8845  
5262.348  9107  
5262.358  9276  
5262.368  9398  
5262.38  9496  
5262.39  9557  
5262.402  9602  
5262.412  9625  
5262.424  9639  
5262.434  9646  
5262.444  9652  
5262.456  9663  
5262.466  9676  
5262.478  9697  
5262.488  9716  
5262.5  9740  
5262.51  9755  
5262.52  9758  
5262.532  9744  
5262.542  9714  
5262.554  9653  
5262.564  9555  
5262.576  9385  
5262.586  9200  
5262.598  8969  
5262.608  8827  
5262.618  8762  
5262.63  8825  
5262.64  8965  
5262.652  9185  
5262.662  9355  
5262.674  9522  
5262.684  9627  
5262.694  9705  
5262.706  9764  
5262.716  9799  
5262.728  9826  
5262.738  9840  
5262.75  9845  
5262.76  9837  
5262.77  9821  
5262.782  9784  
5262.792  9739  
5262.804  9654  
5262.814  9544  
5262.826  9333  
5262.836  9067  
5262.848  8640  
5262.858  8260  
5262.868  7967  
5262.88  7846  
5262.89  8009  
5262.902  8384  
5262.912  8750  
5262.924  9112  
5262.934  9313  
5262.944  9437  
5262.956  9539  
5262.966  9596  
5262.978  9644  
5262.988  9672  
5263.0  9688  
5263.01  9691  
5263.02  9686  
5263.032  9672  
5263.042  9652  
5263.054  9622  
5263.064  9591  
5263.076  9549  
5263.086  9511  
5263.098  9458  
5263.108  9406  
5263.118  9345  
5263.13  9258  
5263.14  9164  
5263.152  9024  
5263.162  8883  
5263.174  8658  
5263.184  8417  
5263.194  8115  
5263.206  7660  
5263.216  7172  
5263.228  6473  
5263.238  5797  
5263.25  4930  
5263.26  4158  
5263.27  3395  
5263.282  2655  
5263.292  2233  
5263.304  1999  
5263.314  1993  
5263.326  2243  
5263.336  2768  
5263.348  3792  
5263.358  4765  
5263.368  5658  
5263.38  6502  
5263.39  7035  
5263.402  7560  
5263.412  7898  
5263.424  8210  
5263.434  8367  
5263.444  8454  
5263.456  8488  
5263.466  8488  
5263.478  8540  
5263.488  8632  
5263.5  8816  
5263.51  8995  
5263.52  9174  
5263.532  9330  
5263.542  9430  
5263.554  9515  
5263.564  9564  
5263.576  9606  
5263.586  9630  
5263.598  9645  
5263.608  9647  
5263.618  9639  
5263.63  9612  
5263.64  9571  
5263.652  9499  
5263.662  9407  
5263.674  9259  
5263.684  9128  
5263.694  8989  
5263.706  8854  
5263.716  8809  
5263.728  8788  
5263.738  8782  
5263.75  8755  
5263.76  8704  
5263.77  8583  
5263.782  8355  
5263.792  8127  
5263.804  7777  
5263.814  7412  
5263.826  6844  
5263.836  6275  
5263.848  5671  
5263.858  5410  
5263.868  5487  
5263.88  6072  
5263.89  6823  
5263.902  7744  
5263.912  8353  
5263.924  8862  
5263.934  9139  
5263.944  9303  
5263.956  9424  
5263.966  9477  
5263.978  9510  
5263.988  9520  
5264.0  9514  
5264.01  9497  
5264.02  9460  
5264.032  9378  
5264.042  9257  
5264.054  9001  
5264.064  8625  
5264.076  7925  
5264.086  7098  
5264.098  5857  
5264.108  4764  
5264.118  3750  
5264.13  2803  
5264.14  2309  
5264.152  2018  
5264.162  1963  
5264.174  2077  
5264.184  2265  
5264.194  2443  
5264.206  2510  
5264.216  2425  
5264.228  2290  
5264.238  2306  
5264.25  2640  
5264.26  3306  
5264.27  4298  
5264.282  5674  
5264.292  6702  
5264.304  7625  
5264.314  8155  
5264.326  8577  
5264.336  8783  
5264.348  8905  
5264.358  8964  
5264.368  9012  
5264.38  9078  
5264.39  9153  
5264.402  9254  
5264.412  9329  
5264.424  9408  
5264.434  9472  
5264.444  9533  
5264.456  9613  
5264.466  9678  
5264.478  9741  
5264.488  9781  
5264.5  9815  
5264.51  9833  
5264.52  9844  
5264.532  9857  
5264.542  9866  
5264.554  9874  
5264.564  9875  
5264.576  9876  
5264.586  9877  
5264.598  9881  
5264.608  9884  
5264.618  9887  
5264.63  9884  
5264.64  9878  
5264.652  9869  
5264.662  9856  
5264.674  9832  
5264.684  9795  
5264.694  9740  
5264.706  9619  
5264.716  9442  
5264.728  9092  
5264.738  8657  
5264.75  7960  
5264.76  7293  
5264.77  6587  
5264.782  5799  
5264.792  5316  
5264.804  5106  
5264.814  5334  
5264.826  6043  
5264.836  6819  
5264.848  7714  
5264.858  8306  
5264.868  8749  
5264.88  9135  
5264.89  9356  
5264.902  9545  
5264.912  9651  
5264.924  9733  
5264.934  9777  
5264.944  9808  
5264.956  9835  
5264.966  9851  
5264.978  9864  
5264.988  9868  
5265.0  9868  
5265.01  9863  
5265.02  9854  
5265.032  9832  
5265.042  9800  
5265.054  9735  
5265.064  9649  
5265.076  9478  
5265.086  9245  
5265.098  8832  
5265.108  8364  
5265.118  7850  
5265.13  7294  
5265.14  7013  
5265.152  6997  
5265.162  7259  
5265.174  7767  
5265.184  8182  
5265.194  8486  
5265.206  8655  
5265.216  8675  
5265.228  8647  
5265.238  8668  
5265.25  8774  
5265.26  8947  
5265.27  9146  
5265.282  9343  
5265.292  9454  
5265.304  9535  
5265.314  9566  
5265.326  9568  
5265.336  9543  
5265.348  9476  
5265.358  9382  
5265.368  9243  
5265.38  9007  
5265.39  8767  
5265.402  8483  
5265.412  8280  
5265.424  8110  
5265.434  7992  
5265.444  7839  
5265.456  7533  
5265.466  7098  
5265.478  6401  
5265.488  5701  
5265.5  4730  
5265.51  3905  
5265.52  3102  
5265.532  2348  
5265.542  1955  
5265.554  1754  
5265.564  1776  
5265.576  2099  
5265.586  2713  
5265.598  3873  
5265.608  4950  
5265.618  5864  
5265.63  6546  
5265.64  6712  
5265.652  6483  
5265.662  5935  
5265.674  5003  
5265.684  4176  
5265.694  3460  
5265.706  2884  
5265.716  2697  
5265.728  2866  
5265.738  3429  
5265.75  4565  
5265.76  5664  
5265.77  6670  
5265.782  7573  
5265.792  8083  
5265.804  8482  
5265.814  8685  
5265.826  8835  
5265.836  8905  
5265.848  8940  
5265.858  8928  
5265.868  8874  
5265.88  8733  
5265.89  8527  
5265.902  8152  
5265.912  7725  
5265.924  7142  
5265.934  6659  
5265.944  6260  
5265.956  5998  
5265.966  6002  
5265.978  6257  
5265.988  6593  
5266.0  7022  
5266.01  7333  
5266.02  7595  
5266.032  7842  
5266.042  8021  
5266.054  8213  
5266.064  8357  
5266.076  8510  
5266.086  8623  
5266.098  8738  
5266.108  8819  
5266.118  8886  
5266.13  8951  
5266.14  8994  
5266.152  9031  
5266.162  9053  
5266.174  9067  
5266.184  9066  
5266.194  9051  
5266.206  9012  
5266.216  8956  
5266.228  8856  
5266.238  8725  
5266.25  8504  
5266.26  8269  
5266.27  8036  
5266.282  7791  
5266.292  7679  
5266.304  7656  
5266.314  7715  
5266.326  7804  
5266.336  7837  
5266.348  7806  
5266.358  7717  
5266.368  7589  
5266.38  7384  
5266.39  7178  
5266.402  6861  
5266.412  6547  
5266.424  6083  
5266.434  5668  
5266.444  5280  
5266.456  4806  
5266.466  4424  
5266.478  3971  
5266.488  3562  
5266.5  3012  
5266.51  2531  
5266.52  2085  
5266.532  1689  
5266.542  1495  
5266.554  1396  
5266.564  1428  
5266.576  1607  
5266.586  1929  
5266.598  2529  
5266.608  3163  
5266.618  3812  
5266.63  4497  
5266.64  4988  
5266.652  5501  
5266.662  5885  
5266.674  6305  
5266.684  6619  
5266.694  6908  
5266.706  7213  
5266.716  7435  
5266.728  7660  
5266.738  7845  
5266.75  8056  
5266.76  8209  
5266.77  8358  
5266.782  8512  
5266.792  8620  
5266.804  8739  
5266.814  8826  
5266.826  8915  
5266.836  8989  
5266.848  9067  
5266.858  9120  
5266.868  9168  
5266.88  9218  
5266.89  9255  
5266.902  9297  
5266.912  9328  
5266.924  9360  
5266.934  9379  
5266.944  9391  
5266.956  9396  
5266.966  9387  
5266.978  9365  
5266.988  9335  
5267.0  9298  
5267.01  9276  
5267.02  9270  
5267.032  9280  
5267.042  9295  
5267.054  9311  
5267.064  9317  
5267.076  9316  
5267.086  9315  
5267.098  9330  
5267.108  9356  
5267.118  9391  
5267.13  9439  
5267.14  9475  
5267.152  9508  
5267.162  9525  
5267.174  9512  
5267.184  9472  
5267.194  9386  
5267.206  9200  
5267.216  8921  
5267.228  8464  
5267.238  8003  
5267.25  7476  
5267.26  7184  
5267.27  7139  
5267.282  7419  
5267.292  7834  
5267.304  8389  
5267.314  8764  
5267.326  9094  
5267.336  9285  
5267.348  9434  
5267.358  9524  
5267.368  9597  
5267.38  9666  
5267.39  9709  
5267.402  9750  
5267.412  9771  
5267.424  9789  
5267.434  9800  
5267.444  9810  
5267.456  9817  
5267.466  9817  
5267.478  9811  
5267.488  9803  
5267.5  9793  
5267.51  9783  
5267.52  9772  
5267.532  9761  
5267.542  9759  
5267.554  9761  
5267.564  9765  
5267.576  9765  
5267.586  9756  
5267.598  9733  
5267.608  9702  
5267.618  9663  
5267.63  9613  
5267.64  9581  
5267.652  9565  
5267.662  9571  
5267.674  9600  
5267.684  9634  
5267.694  9667  
5267.706  9702  
5267.716  9727  
5267.728  9749  
5267.738  9763  
5267.75  9773  
5267.76  9778  
5267.77  9783  
5267.782  9790  
5267.792  9798  
5267.804  9808  
5267.814  9814  
5267.826  9817  
5267.836  9816  
5267.848  9813  
5267.858  9808  
5267.868  9804  
5267.88  9798  
5267.89  9792  
5267.902  9785  
5267.912  9780  
5267.924  9772  
5267.934  9765  
5267.944  9760  
5267.956  9754  
5267.966  9748  
5267.978  9738  
5267.988  9730  
5268.0  9719  
5268.01  9713  
5268.02  9707  
5268.032  9702  
5268.042  9697  
5268.054  9691  
5268.064  9683  
5268.076  9668  
5268.086  9652  
5268.098  9629  
5268.108  9606  
5268.118  9582  
5268.13  9551  
5268.14  9523  
5268.152  9488  
5268.162  9459  
5268.174  9424  
5268.184  9394  
5268.194  9361  
5268.206  9316  
5268.216  9270  
5268.228  9202  
5268.238  9126  
5268.25  8988  
5268.26  8827  
5268.27  8608  
5268.282  8225  
5268.292  7826  
5268.304  7296  
5268.314  6867  
5268.326  6521  
5268.336  6430  
5268.348  6607  
5268.358  6942  
5268.368  7354  
5268.38  7827  
5268.39  8173  
5268.402  8475  
5268.412  8647  
5268.424  8758  
5268.434  8792  
5268.444  8786  
5268.456  8743  
5268.466  8708  
5268.478  8677  
5268.488  8665  
5268.5  8665  
5268.51  8670  
5268.52  8671  
5268.532  8651  
5268.542  8590  
5268.554  8396  
5268.564  8139  
5268.576  7729  
5268.586  7384  
5268.598  7087  
5268.608  7004  
5268.618  7125  
5268.63  7482  
5268.64  7892  
5268.652  8344  
5268.662  8662  
5268.674  8950  
5268.684  9115  
5268.694  9226  
5268.706  9322  
5268.716  9370  
5268.728  9404  
5268.738  9418  
5268.75  9426  
5268.76  9423  
5268.77  9417  
5268.782  9407  
5268.792  9397  
5268.804  9382  
5268.814  9367  
5268.826  9347  
5268.836  9328  
5268.848  9295  
5268.858  9261  
5268.868  9219  
5268.88  9159  
5268.89  9100  
5268.902  9011  
5268.912  8920  
5268.924  8802  
5268.934  8712  
5268.944  8648  
5268.956  8630  
5268.966  8654  
5268.978  8712  
5268.988  8759  
5269.0  8800  
5269.01  8820  
5269.02  8828  
5269.032  8821  
5269.042  8804  
5269.054  8773  
5269.064  8741  
5269.076  8696  
5269.086  8653  
5269.098  8601  
5269.108  8555  
5269.118  8505  
5269.13  8442  
5269.14  8386  
5269.152  8312  
5269.162  8243  
5269.174  8156  
5269.184  8076  
5269.194  7989  
5269.206  7878  
5269.216  7777  
5269.228  7643  
5269.238  7530  
5269.25  7375  
5269.26  7233  
5269.27  7096  
5269.282  6918  
5269.292  6746  
5269.304  6539  
5269.314  6350  
5269.326  6106  
5269.336  5897  
5269.348  5624  
5269.358  5389  
5269.368  5151  
5269.38  4859  
5269.39  4618  
5269.402  4324  
5269.412  4087  
5269.424  3812  
5269.434  3576  
5269.444  3344  
5269.456  3032  
5269.466  2723  
5269.478  2305  
5269.488  1935  
5269.5  1545  
5269.51  1304  
5269.52  1142  
5269.532  1032  
5269.542  991  
5269.554  1003  
5269.564  1062  
5269.576  1200  
5269.586  1386  
5269.598  1736  
5269.608  2096  
5269.618  2475  
5269.63  2894  
5269.64  3203  
5269.652  3543  
5269.662  3819  
5269.674  4134  
5269.684  4402  
5269.694  4663  
5269.706  4971  
5269.716  5215  
5269.728  5505  
5269.738  5726  
5269.75  5971  
5269.76  6158  
5269.77  6338  
5269.782  6533  
5269.792  6686  
5269.804  6876  
5269.814  7029  
5269.826  7193  
5269.836  7311  
5269.848  7428  
5269.858  7511  
5269.868  7590  
5269.88  7683  
5269.89  7762  
5269.902  7867  
5269.912  7954  
5269.924  8045  
5269.934  8106  
5269.944  8158  
5269.956  8204  
5269.966  8233  
5269.978  8254  
5269.988  8254  
5270.0  8223  
5270.01  8168  
5270.02  8080  
5270.032  7950  
5270.042  7842  
5270.054  7761  
5270.064  7740  
5270.076  7755  
5270.086  7782  
5270.098  7796  
5270.108  7776  
5270.118  7697  
5270.13  7548  
5270.14  7373  
5270.152  7095  
5270.162  6776  
5270.174  6305  
5270.184  5840  
5270.194  5306  
5270.206  4581  
5270.216  3914  
5270.228  3063  
5270.238  2426  
5270.25  1862  
5270.26  1584  
5270.27  1456  
5270.282  1446  
5270.292  1522  
5270.304  1641  
5270.314  1664  
5270.326  1591  
5270.336  1470  
5270.348  1344  
5270.358  1293  
5270.368  1309  
5270.38  1422  
5270.39  1627  
5270.402  2118  
5270.412  2806  
5270.424  3839  
5270.434  4643  
5270.444  5338  
5270.456  6000  
5270.466  6447  
5270.478  6901  
5270.488  7218  
5270.5  7532  
5270.51  7753  
5270.52  7959  
5270.532  8155  
5270.542  8295  
5270.554  8444  
5270.564  8549  
5270.576  8660  
5270.586  8744  
5270.598  8834  
5270.608  8901  
5270.618  8966  
5270.63  9030  
5270.64  9072  
5270.652  9113  
5270.662  9138  
5270.674  9162  
5270.684  9182  
5270.694  9209  
5270.706  9256  
5270.716  9300  
5270.728  9345  
5270.738  9376  
5270.75  9405  
5270.76  9426  
5270.77  9445  
5270.782  9465  
5270.792  9480  
5270.804  9496  
5270.814  9509  
5270.826  9522  
5270.836  9532  
5270.848  9542  
5270.858  9551  
5270.868  9560  
5270.88  9572  
5270.89  9578  
5270.902  9579  
5270.912  9576  
5270.924  9570  
5270.934  9558  
5270.944  9537  
5270.956  9490  
5270.966  9424  
5270.978  9282  
5270.988  9087  
5271.0  8740  
5271.01  8366  
5271.02  7964  
5271.032  7537  
5271.042  7336  
5271.054  7366  
5271.064  7582  
5271.076  7955  
5271.086  8248  
5271.098  8527  
5271.108  8701  
5271.118  8849  
5271.13  9031  
5271.14  9170  
5271.152  9312  
5271.162  9406  
5271.174  9477  
5271.184  9509  
5271.194  9512  
5271.206  9468  
5271.216  9391  
5271.228  9230  
5271.238  9034  
5271.25  8727  
5271.26  8450  
5271.27  8217  
5271.282  8076  
5271.292  8131  
5271.304  8362  
5271.314  8636  
5271.326  8952  
5271.336  9178  
5271.348  9370  
5271.358  9497  
5271.368  9591  
5271.38  9672  
5271.39  9721  
5271.402  9764  
5271.412  9790  
5271.424  9814  
5271.434  9829  
5271.444  9838  
5271.456  9848  
5271.466  9851  
5271.478  9855  
5271.488  9858  
5271.5  9865  
5271.51  9870  
5271.52  9873  
5271.532  9869  
5271.542  9858  
5271.554  9834  
5271.564  9805  
5271.576  9762  
5271.586  9725  
5271.598  9692  
5271.608  9683  
5271.618  9691  
5271.63  9719  
5271.64  9753  
5271.652  9796  
5271.662  9826  
5271.674  9855  
5271.684  9874  
5271.694  9887  
5271.706  9900  
5271.716  9910  
5271.728  9918  
5271.738  9923  
5271.75  9927  
5271.76  9926  
5271.77  9924  
5271.782  9919  
5271.792  9912  
5271.804  9897  
5271.814  9884  
5271.826  9870  
5271.836  9862  
5271.848  9855  
5271.858  9851  
5271.868  9847  
5271.88  9836  
5271.89  9817  
5271.902  9775  
5271.912  9717  
5271.924  9580  
5271.934  9385  
5271.944  9091  
5271.956  8623  
5271.966  8173  
5271.978  7654  
5271.988  7398  
5272.0  7371  
5272.01  7611  
5272.02  8000  
5272.032  8523  
5272.042  8893  
5272.054  9242  
5272.064  9446  
5272.076  9606  
5272.086  9692  
5272.098  9753  
5272.108  9780  
5272.118  9792  
5272.13  9781  
5272.14  9757  
5272.152  9713  
5272.162  9671  
5272.174  9608  
5272.184  9541  
5272.194  9447  
5272.206  9269  
5272.216  9055  
5272.228  8745  
5272.238  8506  
5272.25  8324  
5272.26  8331  
5272.27  8468  
5272.282  8744  
5272.292  8963  
5272.304  9183  
5272.314  9285  
5272.326  9317  
5272.336  9281  
5272.348  9174  
5272.358  9054  
5272.368  8949  
5272.38  8888  
5272.39  8922  
5272.402  9035  
5272.412  9168  
5272.424  9327  
5272.434  9446  
5272.444  9545  
5272.456  9638  
5272.466  9698  
5272.478  9749  
5272.488  9782  
5272.5  9813  
5272.51  9832  
5272.52  9846  
5272.532  9855  
5272.542  9859  
5272.554  9863  
5272.564  9866  
5272.576  9866  
5272.586  9865  
5272.598  9864  
5272.608  9862  
5272.618  9861  
5272.63  9861  
5272.64  9863  
5272.652  9864  
5272.662  9864  
5272.674  9864  
5272.684  9862  
5272.694  9860  
5272.706  9855  
5272.716  9847  
5272.728  9837  
5272.738  9829  
5272.75  9818  
5272.76  9806  
5272.77  9794  
5272.782  9781  
5272.792  9769  
5272.804  9758  
5272.814  9750  
5272.826  9742  
5272.836  9741  
5272.848  9742  
5272.858  9743  
5272.868  9746  
5272.88  9746  
5272.89  9740  
5272.902  9727  
5272.912  9714  
5272.924  9692  
5272.934  9670  
5272.944  9644  
5272.956  9607  
5272.966  9567  
5272.978  9514  
5272.988  9460  
5273.0  9374  
5273.01  9283  
5273.02  9173  
5273.032  8991  
5273.042  8788  
5273.054  8460  
5273.064  8085  
5273.076  7487  
5273.086  6853  
5273.098  5966  
5273.108  5144  
5273.118  4306  
5273.13  3361  
5273.14  2732  
5273.152  2274  
5273.162  2136  
5273.174  2228  
5273.184  2609  
5273.194  3343  
5273.206  4532  
5273.216  5536  
5273.228  6535  
5273.238  7137  
5273.25  7648  
5273.26  7909  
5273.27  8028  
5273.282  7989  
5273.292  7729  
5273.304  7103  
5273.314  6322  
5273.326  5184  
5273.336  4225  
5273.348  3250  
5273.358  2705  
5273.368  2435  
5273.38  2394  
5273.39  2600  
5273.402  3217  
5273.412  3999  
5273.424  5052  
5273.434  5944  
5273.444  6806  
5273.456  7679  
5273.466  8253  
5273.478  8760  
5273.488  9047  
5273.5  9265  
5273.51  9388  
5273.52  9474  
5273.532  9548  
5273.542  9598  
5273.554  9645  
5273.564  9667  
5273.576  9675  
5273.586  9667  
5273.598  9650  
5273.608  9640  
5273.618  9640  
5273.63  9657  
5273.64  9686  
5273.652  9724  
5273.662  9753  
5273.674  9779  
5273.684  9787  
5273.694  9789  
5273.706  9784  
5273.716  9778  
5273.728  9779  
5273.738  9785  
5273.75  9795  
5273.76  9808  
5273.77  9823  
5273.782  9841  
5273.792  9855  
5273.804  9863  
5273.814  9867  
5273.826  9868  
5273.836  9868  
5273.848  9871  
5273.858  9875  
5273.868  9879  
5273.88  9887  
5273.89  9893  
5273.902  9898  
5273.912  9902  
5273.924  9904  
5273.934  9907  
5273.944  9909  
5273.956  9909  
5273.966  9909  
5273.978  9911  
5273.988  9912  
5274.0  9913  
5274.01  9910  
5274.02  9907  
5274.032  9900  
5274.042  9895  
5274.054  9890  
5274.064  9885  
5274.076  9877  
5274.086  9871  
5274.098  9865  
5274.108  9857  
5274.118  9847  
5274.13  9827  
5274.14  9806  
5274.152  9766  
5274.162  9716  
5274.174  9622  
5274.184  9504  
5274.194  9337  
5274.206  9129  
5274.216  8981  
5274.228  8949  
5274.238  9030  
5274.25  9191  
5274.26  9333  
5274.27  9449  
5274.282  9560  
5274.292  9629  
5274.304  9686  
5274.314  9715  
5274.326  9727  
5274.336  9721  
5274.348  9693  
5274.358  9657  
5274.368  9619  
5274.38  9583  
5274.39  9567  
5274.402  9572  
5274.412  9589  
5274.424  9616  
5274.434  9635  
5274.444  9645  
5274.456  9616  
5274.466  9553  
5274.478  9413  
5274.488  9235  
5274.5  8976  
5274.51  8792  
5274.52  8674  
5274.532  8694  
5274.542  8829  
5274.554  9066  
5274.564  9252  
5274.576  9443  
5274.586  9556  
5274.598  9643  
5274.608  9689  
5274.618  9717  
5274.63  9739  
5274.64  9749  
5274.652  9752  
5274.662  9749  
5274.674  9741  
5274.684  9731  
5274.694  9719  
5274.706  9697  
5274.716  9675  
5274.728  9642  
5274.738  9611  
5274.75  9575  
5274.76  9546  
5274.77  9519  
5274.782  9491  
5274.792  9477  
5274.804  9463  
5274.814  9452  
5274.826  9439  
5274.836  9427  
5274.848  9395  
5274.858  9348  
5274.868  9275  
5274.88  9117  
5274.89  8903  
5274.902  8492  
5274.912  8030  
5274.924  7323  
5274.934  6694  
5274.944  6079  
5274.956  5456  
5274.966  5170  
5274.978  5178  
5274.988  5494  
5275.0  6047  



