26c26
< 10  3    1.61E-11 7.37e+05 4.40E-12 6.75E-01 3.69E-03 1.01E+00 2.24E+05 2.94E+05
---
> 10  3    9.76E-12 1.13E+06 9.10E-12 6.68E-01 1.18E-02 3.91E-01 2.70E+05 5.50E+05
31,32c31,32
< 10  8    3.84E-13 2.77E+06 5.00E-11 8.32E-01 1.70E-01 3.04E-01 9.80E+06 1.80E+06
< 10  9    3.05E-14 1.39E+07 8.60E-11 7.69E-01 1.00E-01 2.96E-01 1.08E+07 2.24E+06
---
> 10  8    3.84E-13 2.77E+06 5.00E-11 8.32E-01 2.52E-01 3.04E-01 1.40E+07 1.80E+06
> 10  9    3.05E-14 1.39E+07 8.60E-11 7.69E-01 1.44E-01 2.96E-01 1.50E+07 2.24E+06
56c56
< 14  11   1.95e-13 5.52E+06 1.20E-10 8.55E-01 1.38E-02 1.42E+00 2.51E+05 3.93E+06
---
> 14  11   1.95e-13 5.52E+06 1.20E-11 8.55E-01 1.38E-02 1.42E+00 2.51E+05 3.93E+06
59c59
< 14  14   3.09E-15 3.10E+07 2.64E-10 7.26e-01 0.00e-01 0.00e-00 0.00e+00 0.00e+00
---
> 14  14   3.09E-15 3.10E+07 2.64E-10 0.00e-01 0.00e-01 0.00e-00 0.00e+00 0.00e+00
81c81
< 18  6    1.72E-12 1.06E+06 1.58E-11 7.93E-01 6.35E-02 1.40E-01 2.10E+05 2.15E+05
---
> 18  8    1.72E-12 1.06E+06 1.58E-11 7.93E-01 6.35E-02 1.40E-01 2.10E+05 2.15E+05
102c102
< 20  9    9.56E-13 2.18E+06 5.04E-11 7.80E-01 4.02E-02 6.27E-02 2.29E+05 2.81E+05
---
> 20  9    9.56E-13 2.18E+06 5.04E-11 7.80E-01 4.02E-01 6.27E-02 2.29E+05 2.81E+05
104c104
< 20 11    3.86E-13 6.87E+06 8.51E-11 8.20E-01 2.57E-02 2.77E+00 9.26E+05 4.89E+06
---
> 20 11    3.86E-13 6.87E+06 8.51E-13 8.20E-01 2.57E-02 2.77E+00 9.26E+05 4.89E+06
108c108
< 20 15    9.25E-14 1.04E+07 2.60E-10 8.00E-01 1.09E-01 1.75E+00 7.00E+05 4.93E+06
---
> 20 15    9.25E-14 1.04E+07 2.60E-10 8.00E-01 9.03E-02 4.24E-01 4.72E+05 1.37E+06
129c129
< 26 16    5.97E-14 5.68E+06 3.42E-10 8.50E-01 3.50E-01 0.00     8.18E+06 0.00
---
> 26 16    5.97E-14 5.68E+06 3.42E-10 8.50E-01 3.50E-01 0.00     8.18E+05 0.00
136,137c136,137
< 26 23    1.16E-14 2.26E+07 7.86E-10 7.18E-01 4.10E-02 4.20E-01 4.23E+05 1.07E+07
< 26 24    5.39E-15 2.35E+07 8.57E-10 6.77E-01 7.47E-01 2.84E-01 5.84E+07 1.17E+07
---
> 26 23    1.16E-14 2.26E+07 7.86E-10 7.18E-01 4.10E-02 4.20E+00 4.23E+05 1.07E+07
> 26 24    5.39E-15 2.35E+07 8.57E-10 6.77E-01 7.47E-01 2.84E-01 5.84E+07 1.17E+06
139c139
< 26 26    2.57E-16 1.08E+08 1.10E-09 7.26E-01 0.00     0.00     0.00     0.00
---
> 26 26    2.57E-16 1.08E+08 2.76E-10 7.26E-01 0.00     0.00     0.00     0.00
