      wnm   irradiance
      1.50 0.000761442
      2.500 0.00286876
      3.500 0.00331501
      4.500 0.00485986
      5.500 0.00846636
      6.500  0.0357156
      7.500  0.0301153
      8.500  0.0305331
      9.500  0.0265283
      10.50  0.0199674
      11.50  0.0139501
      12.50 0.00695471
      13.50 0.00745478
      14.50  0.0160771
      15.50  0.0131610
      16.50  0.0216799
      17.50   0.148298
      18.50   0.117123
      19.50  0.0826594
      20.50  0.0506555
      21.50  0.0338932
      22.50  0.0543902
      23.50  0.0325921
      24.50  0.0384386
      25.50  0.0655512
      26.50  0.0152649
      27.50  0.0238699
      28.50  0.0134779
      29.50  0.0151624
      30.50   0.442590
      31.50  0.0310526
      32.50 0.00982014
      33.50  0.0158224
      34.50  0.0356697
      35.50  0.0279104
      36.50  0.0556614
      37.50  0.0153956
      38.50 0.00702304
      39.50 0.00449309
      40.50 0.00692738
      41.50 0.00397226
      42.50 0.00472621
      43.50  0.0105579
      44.50 0.00550976
      45.50 0.00620490
      46.50  0.0178930
      47.50 0.00759443
      48.50  0.0111419
      49.50  0.0134539
      50.50  0.0157388
      51.50 0.00583934
      52.50 0.00607810
      53.50 0.00776454
      54.50 0.00455966
      55.50  0.0289790
      56.50 0.00625089
      57.50 0.00489102
      58.50  0.0437368
      59.50 0.00740372
      60.50  0.0158812
      61.50  0.0124652
      62.50  0.0354977
      63.50  0.0300998
      64.50 0.00381622
      65.50 0.00360122
      66.50 0.00376371
      67.50 0.00297688
      68.50 0.00715802
      69.50 0.00477325
      70.50  0.0121046
      71.50 0.00439762
      72.50 0.00382876
      73.50 0.00284734
      74.50 0.00425484
      75.50 0.00589583
      76.50  0.0164181
      77.50  0.0138565
      78.50  0.0203778
      79.50  0.0131934
      80.50  0.0101749
      81.50  0.0110764
      82.50  0.0128845
      83.50  0.0323931
      84.50  0.0179750
      85.50  0.0214781
      86.50  0.0254774
      87.50  0.0296455
      88.50  0.0343871
      89.50  0.0387800
      90.50  0.0486297
      91.50  0.0406470
      92.50  0.0148498
      93.50  0.0153856
      94.50  0.0113549
      95.50 0.00886411
      96.50 0.00630303
      97.50   0.107953
      98.50  0.0135682
      99.50  0.0202059
      100.5 0.00881475
      101.5  0.0115099
      102.5  0.0951595
      103.5  0.0870401
      104.5  0.0142863
      105.5  0.0132723
      106.5  0.0144475
      107.5  0.0170144
      108.5  0.0244740
      109.5  0.0184007
      110.5  0.0218013
      111.5  0.0202337
      112.5  0.0209749
      113.5  0.0134232
      114.5  0.0169981
      115.5  0.0205518
      116.5  0.0249359
      117.5  0.0834992
      118.5  0.0327631
      119.5  0.0549928
      120.5   0.140579
      121.5    6.30471
      122.5  0.0628287
      123.5  0.0399642
      124.5  0.0291741
      125.5  0.0265260
      126.5  0.0350414
      127.5  0.0191365
      128.5  0.0154141
      129.5  0.0169944
      130.5   0.152016
      131.5  0.0249916
      132.5  0.0198753
      133.5   0.176783
      134.5  0.0185022
      135.5  0.0427225
      136.5  0.0266814
      137.5  0.0286682
      138.5  0.0285721
      139.5  0.0717635
      140.5  0.0631408
      141.5  0.0400597
      142.5  0.0432835
      143.5  0.0497285
      144.5  0.0486132
      145.5  0.0518243
      146.5  0.0635644
      147.5  0.0797817
      148.5  0.0813378
      149.5  0.0736314
      150.5  0.0824508
      151.5  0.0891729
      152.5   0.109151
      153.5   0.121078
      154.5   0.199910
      155.5   0.178925
      156.5   0.182303
      157.5   0.161412
      158.5   0.160374
      159.5   0.159237
      160.5   0.177449
      161.5   0.208965
      162.5   0.240719
      163.5   0.255483
      164.5   0.295026
      165.5   0.471307
      166.5   0.325039
      167.5   0.380549
      168.5   0.421253
      169.5   0.558105
      170.5   0.641451
      171.5   0.645924
      172.5   0.708141
      173.5   0.719742
      174.5   0.883957
      175.5    1.08312
      176.5    1.17820
      177.5    1.42760
      178.5    1.59251
      179.5    1.58195
      180.5    1.95301
      181.5    2.30245
      182.5    2.23988
      183.5    2.41771
      184.5    2.10833
      185.5    2.40450
      186.5    2.78199
      187.5    3.11857
      188.5    3.36122
      189.5    3.69276
      190.5    3.92165
      191.5    4.17622
      192.5    4.49490
      193.5    3.49736
      194.5    5.71036
      195.5    5.55865
      196.5    6.27896
      197.5    6.35619
      198.5    6.42033
      199.5    6.99556
      200.5    7.59338
      201.5    8.46162
      202.5    8.39958
      203.5    9.70510
      204.5    10.7409
      205.5    11.0629
      206.5    11.4441
      207.5    13.2138
      208.5    15.1839
      209.5    22.0012
      210.5    28.5909
      211.5    34.5268
      212.5    32.9291
      213.5    29.7600
      214.5    42.3999
      215.5    34.7308
      216.5    33.3611
      217.5    32.5667
      218.5    46.0357
      219.5    48.1940
      220.5    47.5835
      221.5    33.6839
      222.5    49.7500
      223.5    63.4614
      224.5    58.3250
      225.5    51.3899
      226.5    36.0057
      227.5    36.4381
      228.5    52.2816
      229.5    44.4729
      230.5    54.0962
      231.5    46.6449
      232.5    50.3461
      233.5    42.1819
      234.5    34.1296
      235.5    54.9491
      236.5    42.2642
      237.5    51.3983
      238.5    35.1354
      239.5    43.4667
      240.5    39.7606
      241.5    46.4097
      242.5    69.8955
      243.5    63.6804
      244.5    60.4924
      245.5    47.5340
      246.5    47.6443
      247.5    55.0598
      248.5    42.3592
      249.5    54.2144
      250.5    57.1192
      251.5    44.1337
      252.5    39.0525
      253.5    50.1778
      254.5    55.8693
      255.5    79.1881
      256.5    95.1671
      257.5    118.283
      258.5    125.409
      259.5    105.195
      260.5    85.2693
      261.5    83.0154
      262.5    105.092
      263.5    154.307
      264.5    241.229
      265.5    261.828
      266.5    264.022
      267.5    261.233
      268.5    258.148
      269.5    254.843
      270.5    278.136
      271.5    247.605
      272.5    211.989
      273.5    212.919
      274.5    148.233
      275.5    183.438
      276.5    247.940
      277.5    244.319
      278.5    172.833
      279.5    97.0224
      280.5    100.669
      281.5    206.390
      282.5    299.962
      283.5    325.101
      284.5    254.454
      285.5    180.286
      286.5    317.558
      287.5    357.172
      288.5    343.059
      289.5    482.601
      290.5    618.817
      291.5    608.846
      292.5    554.555
      293.5    553.333
      294.5    533.931
      295.5    564.749
      296.5    539.667
      297.5    519.258
      298.5    497.353
      299.5    500.172
      300.5    452.721
      301.5    473.386
      302.5    505.874
      303.5    646.699
      304.5    634.175
      305.5    626.965
      306.5    589.746
      307.5    649.307
      308.5    646.549
      309.5    550.344
      310.5    619.748
      311.5    758.268
      312.5    690.449
      313.5    719.728
      314.5    701.412
      315.5    664.329
      316.5    643.633
      317.5    787.299
      318.5    702.967
      319.5    728.401
      320.5    817.069
      321.5    732.324
      322.5    718.756
      323.5    686.846
      324.5    778.768
      325.5    895.823
      326.5    1013.78
      327.5    992.650
      328.5    960.293
      329.5    1082.86
      330.5    1070.99
      331.5    1002.72
      332.5    995.590
      333.5    963.263
      334.5    993.139
      335.5    988.218
      336.5    859.962
      337.5    874.095
      338.5    955.166
      339.5    1003.56
      340.5    1057.17
      341.5    980.844
      342.5    1031.86
      343.5    997.066
      344.5    854.261
      345.5    973.723
      346.5    972.835
      347.5    958.117
      348.5    945.171
      349.5    938.421
      350.5    1074.13
      351.5    1039.23
      352.5    966.858
      353.5    1051.60
      354.5    1153.95
      355.5    1104.66
      356.5    984.720
      357.5    854.799
      358.5    763.112
      359.5    1005.34
      360.5    1060.91
      361.5    934.010
      362.5    1018.21
      363.5    1047.19
      364.5    1056.98
      365.5    1175.62
      366.5    1291.49
      367.5    1242.64
      368.5    1171.59
      369.5    1266.30
      370.5    1221.79
      371.5    1216.08
      372.5    1113.47
      373.5    976.594
      374.5    940.823
      375.5    1064.96
      376.5    1132.54
      377.5    1273.08
      378.5    1365.51
      379.5    1161.17
      380.5    1223.25
      381.5    1166.15
      382.5    856.636
      383.5    736.960
      384.5    933.987
      385.5    1036.35
      386.5    1017.56
      387.5    1021.40
      388.5    1000.54
      389.5    1143.63
      390.5    1259.85
      391.5    1338.18
      392.5    1082.69
      393.5    649.711
      394.5    949.296
      395.5    1279.45
      396.5    968.507
      397.5    863.124
      398.5    1549.96
      399.5    1663.40
      400.5    1666.15
      401.5    1749.74
      402.5    1768.57
      403.5    1722.45
      404.5    1695.16
      405.5    1674.91
      406.5    1621.23
      407.5    1649.81
      408.5    1771.19
      409.5    1720.33
      410.5    1589.33
      411.5    1821.42
      412.5    1807.40
      413.5    1779.91
      414.5    1803.74
      415.5    1782.29
      416.5    1831.71
      417.5    1733.91
      418.5    1731.88
      419.5    1722.00
      420.5    1760.21
      421.5    1867.79
      422.5    1714.46
      423.5    1720.79
      424.5    1764.24
      425.5    1717.42
      426.5    1726.08
      427.5    1658.11
      428.5    1676.62
      429.5    1488.45
      430.5    1212.64
      431.5    1560.04
      432.5    1762.74
      433.5    1694.99
      434.5    1622.01
      435.5    1800.69
      436.5    1892.33
      437.5    1809.89
      438.5    1679.04
      439.5    1799.99
      440.5    1807.68
      441.5    1918.54
      442.5    1984.22
      443.5    1965.15
      444.5    2005.38
      445.5    1909.20
      446.5    1897.02
      447.5    2039.09
      448.5    2042.11
      449.5    2059.49
      450.5    2169.09
      451.5    2160.51
      452.5    2020.99
      453.5    1972.41
      454.5    2058.99
      455.5    2053.45
      456.5    2125.23
      457.5    2124.67
      458.5    2064.68
      459.5    2062.39
      460.5    2090.97
      461.5    2136.56
      462.5    2143.77
      463.5    2117.77
      464.5    2044.29
      465.5    2060.74
      466.5    2022.52
      467.5    2011.75
      468.5    2053.57
      469.5    2049.02
      470.5    1976.89
      471.5    2059.28
      472.5    2106.92
      473.5    2043.64
      474.5    2113.40
      475.5    2093.36
      476.5    2047.37
      477.5    2122.69
      478.5    2111.11
      479.5    2116.07
      480.5    2106.65
      481.5    2130.64
      482.5    2112.88
      483.5    2070.91
      484.5    2045.42
      485.5    1875.44
      486.5    1698.80
      487.5    1907.97
      488.5    1954.66
      489.5    1997.87
      490.5    2059.43
      491.5    1954.53
      492.5    1933.77
      493.5    1995.43
      494.5    2031.59
      495.5    2015.49
      496.5    2007.49
      497.5    2024.42
      498.5    1947.47
      499.5    1998.68
      500.5    1955.75
      502.5    1950.19
      504.5    1957.91
      506.5    1966.79
      508.5    1963.99
      510.5    1948.76
      512.5    1908.85
      514.5    1866.86
      516.5    1833.83
      518.5    1828.17
      520.5    1847.00
      522.5    1866.98
      524.5    1889.06
      526.5    1899.04
      528.5    1910.75
      530.5    1922.17
      532.5    1925.33
      534.5    1923.19
      536.5    1913.03
      538.5    1901.47
      540.5    1894.25
      542.5    1891.34
      544.5    1892.07
      546.5    1892.93
      548.5    1894.25
      550.5    1891.20
      552.5    1883.22
      554.5    1874.36
      556.5    1864.07
      558.5    1853.87
      560.5    1849.35
      562.5    1846.50
      564.5    1845.10
      566.5    1846.91
      568.5    1848.41
      570.5    1849.40
      572.5    1850.66
      574.5    1851.40
      576.5    1850.00
      578.5    1847.14
      580.5    1840.49
      582.5    1830.33
      584.5    1819.51
      586.5    1808.65
      588.5    1799.23
      590.5    1793.03
      592.5    1788.93
      594.5    1785.46
      596.5    1782.29
      598.5    1778.30
      600.5    1771.87
      602.5    1763.87
      604.5    1754.87
      606.5    1743.84
      608.5    1731.41
      610.5    1719.78
      612.5    1708.65
      614.5    1697.78
      616.5    1689.36
      618.5    1683.84
      620.5    1678.86
      622.5    1673.20
      624.5    1667.66
      626.5    1662.83
      628.5    1657.46
      630.5    1650.66
      632.5    1643.71
      634.5    1637.37
      636.5    1630.90
      638.5    1623.54
      640.5    1615.88
      642.5    1608.76
      644.5    1597.50
      646.5    1585.60
      648.5    1573.99
      650.5    1563.20
      652.5    1553.04
      654.5    1544.01
      656.5    1537.75
      658.5    1535.84
      660.5    1535.78
      662.5    1535.32
      664.5    1534.33
      666.5    1532.96
      668.5    1530.90
      670.5    1526.91
      672.5    1520.30
      674.5    1513.61
      676.5    1506.86
      678.5    1500.01
      680.5    1492.94
      682.5    1485.67
      684.5    1478.39
      686.5    1470.95
      688.5    1463.31
      690.5    1455.63
      692.5    1447.90
      694.5    1440.32
      696.5    1432.91
      698.5    1425.57
      700.5    1418.40
      704.5    1404.27
      708.5    1389.77
      712.5    1375.05
      716.5    1360.20
      720.5    1346.33
      724.5    1333.29
      728.5    1320.44
      732.5    1308.30
      736.5    1296.43
      740.5    1285.01
      744.5    1274.90
      748.5    1264.96
      762.5    1226.94
      782.5    1174.10
      802.5    1117.77
      842.5    1008.42
      882.5    927.904
      922.5    852.563
      962.5    782.731
      1002.5     721.396
      1042.5     665.540
      1082.5     603.113
      1122.5     561.187
      1162.5     517.653
      1202.5     479.266
      1242.5     448.910
      1282.5     415.721
      1322.5     390.858
      1362.5     365.218
      1402.5     340.427
      1442.5     316.821
      1482.5     295.256
      1522.5     279.772
      1562.5     257.006
